polds95ag.asc
ncols         288
nrows         192
xllcorner     13
yllcorner     48
cellsize      0.0416666666667
NODATA_value  -9999
[rows 116 to 144 of 192, columns 66 to 131 of 288]
46.32359 46.38532 47.86507 237.1048 395.0131 49.51656 49.7895 50.87148 88.79558 276.593 177.6046 59.37892 59.37892 55.38513 43.03201 39.8945 51.45902 107.2892 95.21185 92.21426 92.21426 92.21426 88.29187 62.03349 59.70332 767.3066 2189.177 2189.177 2189.177 2189.177 2189.177 2161.482 2189.177 1258.35 78.50503 78.50503 78.46878 64.7393 44.19667 43.89098 52.62059 70.50838 73.16479 58.12887 45.36002 45.30287 49.1684 82.11732 92.604 85.05728 46.54163 41.94525 46.02612 54.855 63.49717 62.07006 57.48262 54.80202 57.1929 58.0057 60.35933 65.57878 64.71227 66.93052 69.21184 70.65645
45.69323 45.69323 48.36436 294.0528 545.0125 49.51656 45.09297 38.58113 41.72182 187.6226 242.6849 58.9994 55.23752 48.79115 47.66602 47.66602 50.93696 71.0781 70.68754 82.10838 83.23722 87.96726 67.48999 49.20876 52.85132 83.62537 1102.429 1455.524 2104.841 2189.177 2189.177 2189.177 2189.177 1938.93 200.8982 82.63797 81.78562 83.29176 83.10246 84.93496 78.74895 73.16479 73.16479 65.35653 45.36115 45.54725 59.98384 78.14954 92.604 84.29266 70.8658 40.10841 45.28107 58.60583 61.87433 62.02184 58.53666 54.80166 54.80166 54.80166 54.80166 54.60102 54.18727 63.55602 117.9223 101.1465
48.44287 46.97852 50.29481 50.45937 44.34752 36.6689 33.81404 33.27306 33.27306 151.6852 1155.482 289.5043 58.30947 55.30461 51.0868 50.37996 52.02296 52.57736 52.43497 47.6316 46.43296 47.30075 46.64457 67.70965 86.16644 101.1789 101.1789 101.1789 432.8381 1630.141 1857.031 1785.086 1115.487 182.2963 92.49298 89.47206 90.95887 113.5615 127.5935 127.5935 109.7361 97.57974 88.96768 87.55377 88.54552 86.2645 92.40947 92.604 79.17789 46.9906 33.47619 33.47619 42.11427 62.02184 62.02184 61.85315 59.50107 59.717 77.7087 97.43573 88.82411 54.73441 54.23878 54.12853 105.3987 139.9949
51.84993 50.46687 50.51541 50.51541 48.95183 38.46673 33.43488 36.53481 37.43686 39.41022 77.21906 55.31356 93.21796 124.5684 134.9222 86.26134 85.19767 64.61711 49.13689 46.4402 48.61317 46.64005 60.84192 98.96426 101.1789 101.1789 94.14629 79.10765 77.21745 73.88932 73.0051 110.4584 122.7981 122.7981 117.9826 103.9393 75.93024 120.9929 127.5935 108.4294 115.3201 127.5935 112.8436 92.64828 92.604 92.604 92.604 91.58126 79.59106 36.38791 33.33905 33.47619 52.85844 62.02184 62.02184 62.02184 66.34347 149.5149 186.0502 187.8226 187.2917 120.3877 70.26578 54.12853 86.35199 122.8227
59.69849 54.74601 50.5233 96.89759 83.83723 58.93976 65.96731 52.25607 40.12827 40.12827 46.97213 63.97523 170.1263 198.3839 198.3839 198.3754 182.2973 157.4217 131.6888 140.4008 95.61464 47.87837 47.82152 69.78364 99.20021 98.0671 88.40828 75.41967 75.41967 70.00423 64.02455 67.19701 78.10732 83.28268 60.07002 53.89364 425.9498 320.3531 103.9949 87.13571 53.37632 89.91315 71.84992 59.3781 60.4206 63.37087 49.52361 32.6392 31.61289 31.39823 33.70523 36.58506 46.86395 51.26778 60.63207 62.07958 126.0038 187.7826 187.8226 187.8226 169.4939 187.8186 142.8799 54.41526 55.40019 46.50809
244.9679 168.5633 139.2336 97.26838 120.6222 85.8325 77.80711 73.66006 70.47423 70.28067 66.41412 63.68576 122.6066 198.3839 198.3839 166.0107 155.4348 150.356 146.6187 129.6306 50.65569 52.45751 60.3946 88.17204 90.62521 90.4203 79.61669 75.41966 73.43681 64.83703 63.81982 63.71988 61.09534 57.89063 56.46468 73.58706 842.3138 842.2389 84.01625 54.29152 45.46218 39.55291 39.55291 39.55291 39.55291 39.42562 33.21305 31.54029 35.81531 40.38091 44.11143 44.25939 44.13594 41.24054 42.97783 82.6516 151.0779 187.8226 162.3306 143.4601 36.31894 52.4481 126.5518 75.8962 66.72782 41.03841
721.1309 479.6857 434.9171 74.83244 73.18739 69.25668 68.26964 72.77362 77.80711 77.80711 74.06149 61.00947 88.71432 343.3477 447.9224 365.4755 155.3533 138.8087 103.1869 73.82075 67.26525 67.32051 78.65542 90.42031 90.42031 87.82835 63.69864 69.86989 71.94691 56.63718 54.99226 56.50503 57.81934 57.88663 57.77849 54.74939 53.89364 53.89364 54.55366 57.07315 102.8307 40.22222 39.55291 39.55291 39.55291 42.23218 48.09737 48.43646 49.18922 45.49987 44.25939 43.08187 41.54927 40.9305 40.9305 41.04995 72.75525 105.3316 50.57813 35.9721 35.9721 36.09797 81.57539 84.18612 81.77477 68.65818
272.4304 115.2699 114.3276 95.04531 70.75652 61.56631 61.56631 61.3626 57.15129 58.55314 53.73711 50.89518 815.9254 1040.357 353.3618 92.975 133.7931 2359.486 1350.375 71.499 68.10645 67.32051 79.49887 86.50147 81.04527 63.98482 54.13239 54.97176 57.35593 54.13137 55.66394 67.05183 85.61556 55.67746 55.11647 53.78449 53.88097 53.97575 56.02743 57.76762 1158.431 1734.09 98.26585 49.60947 48.48334 49.70088 50.96109 50.96109 50.96109 50.10019 49.90865 53.55328 40.9305 46.87887 61.07779 50.36811 37.82081 36.00219 36.60755 35.9721 35.9721 36.70101 71.17373 84.18612 84.18612 84.18612
102.428 178.1429 225.6174 128.78 58.12378 70.65521 368.0808 60.16918 67.66328 64.71754 49.52973 300.0949 1216.291 1649.252 518.907 72.20407 72.20407 921.2784 336.6201 72.16704 69.84441 69.34422 63.27246 60.99669 60.99669 60.06202 60.8365 53.50402 49.16069 53.54514 112.201 132.2875 132.2875 100.0833 53.73511 53.73511 53.87134 53.9623 56.68712 57.12056 56.61359 56.24887 66.28584 72.48935 70.02345 69.55332 58.77744 51.81087 52.41394 103.2626 122.106 134.8079 67.45261 57.87879 73.17844 75.0957 63.32987 60.25392 58.04247 40.13882 43.29072 41.47908 66.90479 76.42227 74.36878 79.51695
137.5586 312.239 310.8755 76.58946 55.89125 210.6291 836.1144 435.7357 67.01923 117.0109 544.2237 1042.192 1643.325 1624.756 220.2733 73.47634 72.57167 72.20407 72.20407 79.27001 71.72985 247.9905 67.14952 64.28384 61.53709 62.31637 70.11014 55.43525 49.08683 99.6431 132.2875 132.2875 132.2875 110.3485 70.82996 53.73511 60.48923 69.23261 66.74268 62.44734 57.25793 55.81233 65.22267 86.64564 86.67223 86.67223 86.67223 81.04061 83.37846 144.9131 155.6903 141.329 95.69444 75.9918 66.52393 65.91548 64.16573 60.68918 67.58288 72.01829 51.43385 47.78834 48.51934 57.13509 67.68209 69.25856
146.5379 246.3501 118.2704 89.71694 87.19444 91.29405 67.07053 53.37807 58.06328 70.80452 297.3193 515.0416 1139.158 705.9616 209.4951 88.27524 74.93353 76.80702 106.7334 150.6539 433.6207 1836.598 543.3701 74.01238 83.2233 88.41286 85.22732 53.68316 48.94954 58.62094 128.1345 132.0628 103.8637 62.63812 81.28329 55.84951 65.0209 70.18143 70.69005 70.69005 70.16044 63.25445 70.35674 84.61993 85.19022 86.44221 81.72688 78.85421 71.32917 74.64561 95.41389 390.626 145.5235 72.59732 61.39458 60.68918 60.68918 61.82922 142.4029 171.4338 103.679 81.81258 66.86847 69.25856 69.25856 69.14304
-9999 -9999 92.05795 92.05795 92.05795 92.05795 89.75744 62.96206 65.52595 73.25118 99.09461 107.7585 118.1881 152.5325 173.1228 155.7993 103.1914 99.08226 160.7601 387.8086 779.5462 694.6646 70.18578 230.8447 302.9433 90.02062 78.23525 46.26369 47.43277 78.23298 100.3458 93.38795 54.74786 49.26084 49.25936 55.73131 70.15784 70.69005 70.65413 70.56253 70.68156 71.09087 75.80205 75.9315 76.4864 80.73426 73.90115 71.4897 72.96387 90.90234 798.2995 1288.199 1181.761 711.6828 214.0206 73.40512 114.8348 177.0275 177.3163 182.0982 177.8723 156.7199 88.75849 82.89028 77.10667 67.17233
-9999 -9999 -9999 -9999 -9999 -9999 92.05795 92.05795 96.57796 107.7585 107.7585 107.7585 161.4598 161.4598 161.4598 130.9173 118.255 94.54609 117.1929 510.1788 356.6102 70.19913 62.22361 74.70902 185.8084 158.6512 116.7271 62.0531 48.23745 57.13464 87.95972 87.95972 87.64051 60.99256 49.25936 56.5351 70.69005 70.59074 66.44357 64.22044 70.40503 72.96957 75.9315 75.9315 75.9315 75.9315 74.24367 82.42882 179.5176 165.6935 247.776 893.1376 1088.813 1355.903 810.5082 80.1563 80.1563 95.06049 137.1635 149.1103 146.6774 87.73036 82.59286 93.10575 88.56411 70.5259
-9999 -9999 -9999 -9999 -9999 92.05795 92.05795 92.05795 -9999 -9999 -9999 -9999 -9999 -9999 -9999 95.37424 95.37424 429.3365 394.2522 95.37424 69.64507 54.37221 54.37221 57.22612 127.9678 170.4617 170.4617 169.2307 101.7445 87.95972 87.95972 87.95972 83.36302 56.97807 45.02042 62.05619 68.83182 65.27941 62.35616 62.84178 64.8673 70.94344 75.32826 74.46156 74.62003 70.48454 68.76655 67.24353 93.03093 176.5704 149.6147 84.23476 148.5088 869.3754 262.9463 123.0648 115.7836 94.21549 73.96374 135.8806 178.8879 139.9438 69.16427 71.36851 118.2197 148.2671
-9999 -9999 -9999 -9999 -9999 -9999 -9999 -9999 -9999 -9999 -9999 -9999 -9999 -9999 -9999 74.95396 76.98595 174.8397 593.9301 317.6584 93.68768 60.67777 56.33606 79.37322 149.3374 170.4617 170.4617 150.3112 91.28029 88.68817 87.95972 83.14306 52.68443 43.73453 43.86467 52.17146 55.72197 57.08762 59.05033 60.6316 62.71988 66.00198 67.30203 67.28539 67.56079 66.61596 64.54792 64.78744 74.54439 83.69661 83.64345 94.61945 109.1098 123.0022 130.7515 131.4434 125.6055 70.46296 71.42772 169.371 178.8879 167.3043 76.3082 69.16427 68.22535 113.44
-9999 -9999 -9999 -9999 -9999 -9999 -9999 -9999 -9999 -9999 -9999 -9999 -9999 74.95396 74.95396 74.95396 74.95396 74.95396 210.9562 265.3555 87.13121 72.52116 75.79047 82.96986 93.10218 104.634 109.4488 96.82328 93.60995 91.34338 88.00676 77.41631 67.73458 58.22834 70.3646 113.0194 170.9431 154.2235 194.9119 176.6223 108.1328 67.27718 66.69247 65.14767 64.42336 60.33837 59.82728 62.72274 65.058 75.64568 81.59024 237.3375 263.4448 138.6061 136.3599 136.3096 90.33957 80.65951 147.5115 178.8879 178.8879 178.8879 161.0825 82.3076 63.98028 56.70194
-9999 -9999 -9999 -9999 -9999 -9999 -9999 -9999 -9999 -9999 -9999 324.9985 324.9985 174.306 78.23064 71.63821 72.9022 71.06858 72.99441 73.33721 72.05289 170.9087 78.73515 78.98199 81.61658 81.00203 80.2029 80.16495 103.1398 138.0827 117.1326 96.07661 81.07693 81.07693 81.07693 119.1691 275.3146 278.8456 278.8456 278.8456 256.883 97.08109 60.31753 59.73578 59.73563 59.74346 62.8757 64.23666 71.94008 75.6112 75.6112 118.6427 271.3825 254.9519 142.54 142.5861 230.2606 183.4366 129.5401 134.0966 128.6003 147.5617 139.2249 148.194 151.1296 129.0514
-9999 -9999 -9999 -9999 -9999 -9999 -9999 -9999 -9999 -9999 324.9985 313.2891 152.1347 82.35768 61.15413 62.36928 60.56884 101.6949 98.85 72.05289 385.0252 1177.712 383.8902 72.05289 70.38142 69.13966 69.11645 73.03639 174.2265 181.0504 181.0504 180.8209 152.7762 102.7225 81.07693 133.0163 259.787 278.8456 278.8456 278.8456 277.6075 130.8934 59.73563 59.73563 61.17648 63.55388 64.5341 64.55118 72.59064 76.71754 76.25909 95.21922 228.0949 219.4363 216.6942 235.087 319.3315 244.989 100.7539 100.1433 90.63572 84.17303 83.3593 103.961 100.0365 97.31421
-9999 -9999 -9999 -9999 -9999 -9999 -9999 -9999 -9999 -9999 -9999 214.1537 42.719 42.719 105.0095 161.4079 60.56884 238.0681 295.8379 72.05289 109.1344 288.8428 72.05289 72.07003 73.28696 76.20005 79.54361 83.19695 -9999 -9999 181.0504 181.0504 118.643 81.07693 81.07693 85.71077 191.1919 227.0592 198.1614 207.9879 237.2166 222.7371 208.8079 111.0525 67.22781 64.55118 64.55118 64.55118 66.408 90.00787 91.83853 244.2182 162.9005 95.1843 99.32507 102.8169 202.3635 302.8075 162.4594 238.2139 286.8881 276.9807 84.08115 76.21239 73.97868 73.97868
-9999 -9999 -9999 -9999 -9999 -9999 -9999 -9999 -9999 -9999 -9999 -9999 42.719 42.719 261.5453 168.1951 60.56884 62.71135 64.33561 65.60394 65.18972 66.37882 69.54319 72.14751 82.57616 83.19695 83.19695 83.19695 83.19695 -9999 -9999 -9999 -9999 -9999 81.07693 99.05252 152.9538 164.812 164.812 164.812 169.6755 252.5359 253.8282 249.0223 105.1278 61.21151 62.48986 62.04215 79.74535 92.2486 92.2486 92.2491 94.22213 93.52911 94.5246 99.47909 243.9817 568.6357 577.1525 577.1525 577.1525 559.2115 374.6396 96.3905 73.97868 73.97868
-9999 -9999 -9999 -9999 -9999 -9999 -9999 -9999 -9999 -9999 -9999 -9999 -9999 -9999 -9999 218.4136 61.92748 63.96597 64.26756 64.26756 64.26756 64.26756 64.26756 64.35628 75.30022 82.76601 73.60799 70.61088 65.27123 62.26348 62.26349 -9999 -9999 -9999 -9999 164.812 164.812 164.812 164.812 164.812 174.0507 249.5191 253.8282 245.0997 122.7558 59.59122 59.59122 81.07515 89.96892 89.52437 92.24855 91.64509 74.76003 70.20628 68.91265 94.81039 100.5687 177.548 157.3005 262.6704 519.8748 170.9814 75.35477 74.59838 72.89159 72.34305
-9999 -9999 -9999 -9999 -9999 -9999 -9999 -9999 -9999 -9999 -9999 -9999 -9999 -9999 -9999 -9999 -9999 64.26756 64.26756 64.26756 64.26756 64.26756 64.26756 64.26756 64.26756 63.77596 62.26361 62.26349 62.26349 62.26349 62.26349 -9999 -9999 -9999 -9999 -9999 -9999 -9999 164.812 164.812 164.812 197.2736 253.7749 153.5109 59.59122 59.59122 59.59122 86.63463 86.63463 86.73073 88.21016 88.15107 67.63716 60.70533 60.70533 71.75197 88.13572 96.56796 99.21796 87.84833 96.47443 75.30844 76.94341 77.52963 72.03709 71.64759
-9999 -9999 -9999 -9999 -9999 -9999 -9999 -9999 -9999 -9999 -9999 -9999 -9999 -9999 -9999 -9999 -9999 -9999 64.26756 63.83369 57.22402 47.57858 54.36008 57.50363 61.55943 63.66127 62.28184 62.26349 62.26349 62.26349 62.26349 -9999 -9999 -9999 -9999 -9999 -9999 -9999 -9999 -9999 -9999 -9999 -9999 -9999 -9999 -9999 -9999 86.63463 86.63463 86.63464 86.63464 86.63464 64.91837 60.75217 60.70533 62.13815 84.0956 88.70335 97.39413 99.4577 88.67217 93.78506 101.5254 102.9688 100.758 76.1992
-9999 -9999 -9999 -9999 -9999 -9999 -9999 -9999 -9999 -9999 -9999 -9999 -9999 -9999 -9999 -9999 -9999 -9999 -9999 44.29519 43.71503 43.71503 43.71503 43.71503 43.84597 53.91175 61.81997 62.26349 -9999 -9999 -9999 -9999 -9999 -9999 -9999 -9999 -9999 -9999 -9999 -9999 -9999 -9999 -9999 -9999 86.63463 86.63464 86.63463 86.63463 86.63463 86.63463 86.63463 80.31857 64.25696 61.58089 61.04135 75.76789 86.06276 83.04482 87.33698 84.91283 106.4655 113.7519 117.5271 103.3067 102.9688 258.7412
-9999 -9999 -9999 -9999 -9999 -9999 -9999 -9999 -9999 -9999 -9999 -9999 -9999 -9999 -9999 -9999 -9999 -9999 -9999 43.71503 43.71503 43.71503 43.71503 43.71503 43.71503 43.71503 -9999 -9999 -9999 -9999 -9999 -9999 -9999 -9999 -9999 -9999 -9999 -9999 -9999 -9999 -9999 -9999 -9999 -9999 86.63463 86.63464 86.63464 86.63464 86.63464 83.60653 87.60018 74.0669 62.02627 62.02627 62.02627 91.17682 91.19741 75.13165 96.3438 203.4675 174.6071 135.2487 141.3682 137.395 151.4215 983.2364
-9999 -9999 -9999 -9999 -9999 -9999 -9999 -9999 -9999 -9999 -9999 -9999 -9999 -9999 -9999 -9999 -9999 -9999 -9999 -9999 43.71503 43.71503 43.71503 43.71503 -9999 -9999 -9999 -9999 -9999 -9999 -9999 -9999 -9999 -9999 -9999 -9999 -9999 -9999 -9999 -9999 -9999 -9999 -9999 -9999 -9999 86.63463 86.63464 82.50097 73.55166 70.97698 72.44379 88.90606 80.16301 72.37703 68.86038 89.51211 112.7892 219.6434 705.4294 855.5159 797.3199 197.2115 156.8232 273.8042 473.5063 721.8214
-9999 -9999 -9999 -9999 -9999 -9999 -9999 -9999 -9999 -9999 -9999 -9999 -9999 -9999 -9999 -9999 -9999 -9999 -9999 -9999 -9999 -9999 -9999 -9999 -9999 -9999 -9999 -9999 -9999 -9999 -9999 -9999 -9999 -9999 -9999 -9999 -9999 -9999 -9999 -9999 -9999 -9999 -9999 -9999 -9999 -9999 -9999 69.68536 69.68536 69.68536 71.60225 91.28059 92.13 92.13 92.65995 116.4823 120.8474 230.1988 731.0468 740.0733 593.4816 198.7353 321.0806 906.7792 1507.869 1222.369
-9999 -9999 -9999 -9999 -9999 -9999 -9999 -9999 -9999 -9999 -9999 -9999 -9999 -9999 -9999 -9999 -9999 -9999 -9999 -9999 -9999 -9999 -9999 -9999 -9999 -9999 -9999 -9999 -9999 -9999 -9999 -9999 -9999 -9999 -9999 -9999 -9999 -9999 -9999 -9999 -9999 -9999 -9999 -9999 -9999 -9999 -9999 -9999 69.68536 69.68536 69.68536 83.25263 92.13 92.13 92.13 92.13 141.7805 141.7805 161.6629 177.7027 186.1082 194.119 445.6754 869.015 1028.702 1141.294
-9999 -9999 -9999 -9999 -9999 -9999 -9999 -9999 -9999 -9999 -9999 -9999 -9999 -9999 -9999 -9999 -9999 -9999 -9999 -9999 -9999 -9999 -9999 -9999 -9999 -9999 -9999 -9999 -9999 -9999 -9999 -9999 -9999 -9999 -9999 -9999 -9999 -9999 -9999 -9999 -9999 -9999 -9999 -9999 -9999 -9999 -9999 -9999 -9999 69.68536 69.68536 84.66863 92.12999 -9999 -9999 -9999 141.7805 141.7805 164.9325 177.6179 178.2204 249.7331 289.0194 337.6963 604.0383 781.2271
