polds95g.asc
ncols         288
nrows         192
xllcorner     13
yllcorner     48
cellsize      0.0416666666667
NODATA_value  -9999
[rows 58 to 86 of 192, columns 132 to 197 of 288]
45.93441 43.65969 36.6124 34.94251 32.44572 83.26722 66.53611 51.65482 46.83493 39.64108 36.93482 36.92382 38.50124 59.60697 65.05703 64.89131 55.06596 37.45234 37.28622 37.66073 37.51578 35.28364 34.88801 29.80368 26.49806 354.334 102.297 26.21525 32.92487 42.73396 42.73396 42.47808 41.1289 38.78969 38.21297 37.98804 33.80563 33.27795 33.27795 33.72617 36.77592 36.93965 36.93965 36.93965 36.64728 35.36849 34.48649 30.72189 24.46745 24.34426 19.81588 12.48034 12.36529 12.36529 12.36529 13.84303 15.85171 22.89817 26.64551 1307.896 883.6473 26.64551 26.44827 24.13728 21.45055 21.45055
49.28464 46.55071 54.40765 65.25564 62.35307 78.8143 642.3671 675.2874 453.3984 37.51221 41.37851 45.76406 58.58671 65.05703 65.05322 65.03188 61.06655 41.06849 39.77948 40.65288 40.69471 40.4923 40.69789 46.97985 55.18565 46.67626 39.86616 32.12533 39.98685 248.6264 293.9444 52.07962 42.73396 38.27855 35.03487 31.63615 30.26726 33.27795 33.27795 33.27795 33.51781 35.75747 36.86763 36.93965 36.93965 36.99284 36.97126 46.09089 49.80322 49.41705 32.75312 12.36529 12.36529 12.36529 12.36529 12.36529 12.36529 15.32098 26.64551 26.64551 26.64551 26.64551 26.64551 25.56838 22.81402 21.45137
72.46352 144.0705 109.5365 68.33541 68.33541 753.051 1672.848 800.0594 293.9525 56.46112 56.76681 57.02486 58.88836 62.8814 55.92263 50.34221 49.90182 44.22369 40.69789 40.69789 40.69789 40.69789 43.03585 55.57162 58.15371 58.17635 56.69781 45.90648 42.5993 171.4947 104.2216 47.68128 42.73396 39.41269 28.0973 26.62986 26.82936 28.76301 33.13768 32.84863 32.79261 30.91121 34.85656 38.00075 43.42685 55.80087 56.9113 56.81905 59.16063 59.16063 42.05726 13.26701 13.16751 12.36529 12.36529 12.36529 15.16118 23.23624 25.30376 24.45838 22.98833 24.09737 26.64551 26.64551 26.0094 22.83267
193.8418 170.2878 97.93012 64.53373 180.3263 1427.294 1128.56 396.3585 57.09594 56.78512 56.73481 56.76681 54.39948 50.34276 49.53835 58.03986 61.0485 61.53835 41.11515 40.69789 40.69789 41.60938 52.54759 57.52958 57.47015 284.0968 409.3308 57.37183 44.9665 41.20497 41.29715 40.89124 42.69497 44.932 41.29436 30.4373 26.62986 26.62986 29.96199 27.87625 26.89128 25.24103 25.15228 38.50426 59.16063 59.16063 59.16063 59.16063 59.16063 59.16063 59.16063 55.71591 31.75486 12.43107 13.37482 17.98305 18.98787 19.00568 19.00568 19.00568 19.00568 19.25476 21.85782 24.5243 25.11021 24.36699
49.31065 45.85967 48.34897 53.76685 56.04102 57.45946 55.67747 54.28949 56.80853 56.66461 56.63482 56.66782 55.83797 50.98452 52.71846 65.07838 65.69766 64.42242 52.66618 43.55617 35.84831 45.20112 56.59201 57.44724 57.44724 160.9834 142.4757 58.06938 51.45612 41.48098 40.54969 40.64949 47.46985 48.71125 48.71125 44.56944 35.8582 30.79563 33.36482 37.48338 32.00572 25.19366 25.15228 37.60759 59.16063 59.16063 59.16063 59.16063 59.16063 39.73238 28.24011 19.71834 15.64449 15.50873 18.36538 19.00568 19.00568 19.00568 19.00568 19.00568 19.00568 19.00568 19.00568 20.29846 26.72662 43.10646
49.55605 51.20366 53.26205 56.1358 55.29671 47.14314 42.29558 42.34151 47.87782 54.96824 53.85934 52.94424 54.1207 52.34479 58.26328 65.39339 65.63192 65.65475 52.9224 39.26536 34.80253 34.80253 39.49887 40.2006 47.12642 57.44724 55.38674 53.43479 41.18462 40.54969 40.54969 48.14487 51.81582 48.7279 48.71125 48.71125 46.25368 38.53294 38.00986 38.00986 32.84009 25.15228 25.15228 42.79355 50.87788 59.11411 59.16063 59.16063 50.47545 23.08741 15.95123 15.58378 15.58378 15.58378 15.86129 18.77476 19.00568 19.37499 24.24461 24.5684 23.60666 20.13471 22.93122 26.74779 27.54623 30.52372
53.23735 57.15299 62.99629 63.22466 62.81396 53.77449 42.28724 42.28724 42.61168 44.81244 135.1344 46.19294 51.10456 51.40496 51.98814 47.1819 46.32577 50.23174 44.35436 39.24142 44.35822 36.63098 41.42517 38.26973 39.24851 40.57644 39.57564 39.45778 39.81224 45.13438 53.81427 58.75266 58.83185 54.05377 46.67982 44.65162 42.60497 39.8602 38.00986 38.00986 36.4037 28.88032 25.15228 25.15228 25.15228 35.96042 52.38774 44.78106 30.67053 27.04358 25.45809 15.93665 16.76386 20.50272 22.24064 21.72188 21.5396 25.07315 28.57667 29.07685 29.07685 28.91955 28.25102 27.95551 27.53687 34.28481
61.90256 63.31403 63.4225 63.41102 63.07095 53.09154 42.45233 43.70355 44.90957 46.46445 731.7597 320.4672 43.16314 41.13797 46.34183 45.18502 44.39677 44.39677 44.39677 45.26673 171.0885 753.2914 553.7464 46.1271 45.47237 46.46507 45.92059 46.73233 45.20374 56.32077 58.83185 58.83185 58.83185 57.67391 42.60265 40.53236 40.53236 40.46787 39.9475 78.83202 194.3476 37.30134 25.72849 25.15228 25.15228 25.18201 26.66386 27.04358 27.04358 27.04358 24.32553 16.41797 25.6465 29.07685 29.07685 29.07685 29.07685 29.07685 29.07685 29.07685 29.07685 29.07685 29.27242 29.5405 31.90432 34.47522
60.83196 61.1925 134.0675 59.95111 57.27114 56.92207 53.6913 45.64923 45.16156 45.16156 45.16156 44.00346 39.05149 39.04134 39.19467 42.26413 43.46703 44.02129 45.00854 46.86135 158.5121 576.2753 132.5761 48.58081 49.41606 42.11478 38.04719 38.38021 41.65826 47.1379 58.6798 58.83185 58.83185 57.98306 47.57905 40.69639 40.53236 39.82805 38.02345 380.412 1021.256 97.56931 46.22648 44.95903 43.50388 44.86093 31.85058 32.60851 31.27852 31.63953 28.6323 26.19753 26.30033 28.01866 25.78853 28.8412 29.07685 29.07685 29.08902 29.81414 30.25068 30.09638 30.68961 31.72095 36.17039 36.28323
58.79704 70.33156 1005.439 173.0985 56.91644 57.22817 69.30381 61.41499 61.26336 63.60757 61.67828 72.12411 45.07211 40.27567 42.02498 42.88374 42.90428 43.70105 45.02705 45.95693 53.87941 53.41796 53.23946 49.70839 49.70715 40.29873 37.40572 34.54893 34.54893 36.94119 58.38249 58.34482 47.24077 42.29124 58.02975 54.30024 40.53236 40.20877 38.06757 38.00986 41.57466 65.65023 66.48354 66.48354 66.48354 46.26064 35.34765 35.34765 35.34765 32.96468 27.09866 26.19753 25.96805 21.85202 21.09616 21.48557 23.43851 23.4034 25.88134 30.41262 31.28063 31.28063 31.28063 32.07196 36.01634 36.28323
63.23793 58.90551 56.6417 56.88137 56.89015 58.24032 75.57193 81.55657 79.98988 79.98988 77.56139 52.86368 43.42369 108.0885 42.98612 46.81544 48.07443 45.96701 45.10147 45.16487 56.61595 58.91227 58.5414 54.86848 52.95564 52.99353 52.78182 48.80904 38.81894 37.24603 44.87001 49.15574 42.53048 40.72506 41.6701 46.44998 43.71105 44.71886 45.35256 41.67003 46.41026 54.79222 58.29635 70.69405 724.9124 140.2721 37.01228 36.65443 36.22917 28.08335 26.19753 26.19753 25.07891 21.08889 21.08889 21.08889 21.08889 21.44652 26.22644 30.56457 31.28063 31.28063 31.28063 33.49398 33.40404 36.21802
60.16314 56.17927 55.83938 55.85397 55.87313 68.22334 120.6204 103.699 79.98988 71.44375 53.52417 40.66507 99.91789 894.3282 43.38151 52.76028 52.9254 54.36259 58.34335 53.31809 51.80338 57.61055 57.08239 55.05389 54.58592 53.29973 52.17441 47.76454 43.03056 40.7819 40.72506 40.72506 43.55775 62.54427 50.35239 45.74961 45.77084 45.77084 45.76616 45.84363 45.86811 45.87452 48.21126 54.60599 621.8276 836.495 167.7869 39.74945 39.74945 38.65221 33.40284 30.95144 28.13642 28.48626 27.49393 25.94106 25.26604 31.71985 37.81599 35.27166 31.28063 31.35111 38.40498 41.65615 39.91163 38.44291
233.7555 857.1593 839.042 853.8492 748.8962 283.8172 125.7054 120.9786 68.42172 39.3379 38.94587 40.19606 42.54358 43.51731 50.33877 53.05176 54.80331 62.84519 65.64841 62.25001 56.47297 600.5134 772.7297 56.47297 56.20572 52.39647 51.51687 47.29822 40.66743 43.6974 92.87908 93.38564 103.6947 109.6186 106.4943 93.75481 69.59587 45.7191 44.97047 45.3291 45.7286 48.42955 53.33097 53.33097 52.21356 45.72183 41.93312 39.96413 39.74945 40.84822 43.68552 43.69302 38.56744 36.31274 36.31274 39.12125 82.8258 92.0303 42.18961 40.62935 39.87084 43.04117 41.65687 41.65687 41.65687 41.46171
1076.942 1696.719 1797.302 1797.302 1790.326 855.032 113.5335 65.83949 46.90839 44.87659 41.82407 38.94587 45.70148 52.56646 54.12572 54.1438 57.22439 63.946 65.03265 58.05694 43.17126 42.59259 49.66249 54.77906 52.59171 51.50115 51.50115 51.26804 43.26981 40.21936 43.88844 43.8786 65.2915 106.7924 104.2506 104.2466 89.10376 61.40441 44.70031 44.70031 44.70031 47.60521 52.22318 52.66882 47.54449 45.01732 45.01732 44.95589 43.57823 42.69834 43.689 43.69922 39.03715 36.31276 36.31274 37.84841 418.2152 649.3383 70.2657 42.44527 49.1583 47.34095 41.71117 41.65687 41.53773 36.04579
14.26613 768.9451 1026.943 609.0008 742.0248 187.3187 62.38533 46.4617 46.4617 46.46738 45.5696 43.2527 49.14968 55.47654 58.26675 54.23414 47.72478 44.01096 41.94107 38.28926 36.97143 36.97143 36.97143 39.82742 42.02748 45.40284 46.31681 49.27702 42.65469 39.96791 40.17334 40.21936 42.91508 48.71577 47.09961 47.35592 46.72547 42.60658 42.64205 41.39978 42.05599 42.42403 39.68058 42.58526 42.92922 43.7193 44.80338 45.05373 45.53099 45.35533 44.91671 44.64988 44.43457 42.93491 40.71815 39.81431 102.1051 143.4418 42.18961 42.18961 45.78931 49.72863 48.68429 48.21994 37.88608 30.73242
18.27553 14.26613 14.26613 14.26613 18.02766 58.98034 50.84483 46.4617 46.4617 46.59171 46.71224 46.71224 60.41599 75.87132 75.9889 75.44624 64.98859 44.61795 43.95518 43.51184 41.74807 40.24446 40.53114 39.41545 39.34767 40.77159 41.2888 41.25373 39.63449 38.84011 38.99617 40.86118 45.67627 47.09961 46.59681 42.96648 39.12935 39.60841 39.7735 39.7805 39.63861 39.40683 39.31705 39.31705 39.31705 39.31705 40.76549 45.6726 45.71428 45.71428 44.66155 44.69799 44.76891 44.73642 44.62461 43.7479 43.2583 43.14965 42.83225 44.44477 47.549 49.72863 49.4257 43.29317 27.91492 28.89751
61.99888 24.21885 15.16906 40.66058 531.9213 186.8404 262.0804 478.6408 52.27792 46.69387 46.71224 46.71224 46.91849 63.09838 72.04182 69.97509 68.28478 48.85981 49.17707 45.1649 45.15691 45.15691 45.15691 42.7933 41.35212 43.37094 44.80375 45.75108 45.6887 40.08637 38.84011 38.84011 39.90192 41.09661 38.75123 34.03173 33.88879 35.11678 37.76231 38.46668 38.65339 39.13897 39.31705 39.31705 39.31705 39.37126 39.95045 40.47343 41.62682 272.9205 785.1663 514.4296 44.73642 44.73642 44.73642 44.67592 43.46919 43.34118 43.38762 43.54819 46.01282 67.40959 97.67406 25.4448 25.37817 25.37817
77.61056 75.53644 65.0985 76.70947 357.5187 167.6338 150.2699 194.1139 92.08245 117.4546 47.10598 49.79163 49.66657 54.4099 54.77135 405.1198 712.4673 147.7678 52.04807 45.33175 45.15691 45.15691 45.18702 45.30618 46.12299 49.58881 57.89806 721.4756 816.1776 49.08691 44.00486 39.06779 39.14716 39.2 39.15054 34.48856 34.6119 33.96022 33.99087 36.63805 37.81279 38.14891 44.03387 44.11143 45.7972 48.84369 49.54726 45.15358 39.9979 181.0637 1027.506 1005.659 65.81499 40.68598 40.39247 40.89419 40.28946 43.9794 44.13669 44.13669 44.13669 241.7643 529.7355 36.40994 30.37559 30.40246
37.98239 56.42818 69.7281 68.13593 64.31973 60.4241 63.57069 82.88651 92.52147 112.1045 39.21185 34.69386 37.95087 44.62785 54.77071 55.87099 101.4622 53.98392 53.14022 50.79505 45.15691 45.42222 45.85196 45.43159 45.38563 46.47168 48.00263 64.2113 52.0611 49.61813 43.10003 39.2 39.2 39.2 39.2 38.10962 37.57922 37.72915 37.57874 37.7621 37.81279 51.11083 55.69095 55.69095 55.69095 55.69095 53.31089 43.49437 38.01413 38.591 38.80587 44.64273 51.32789 52.5434 52.0408 41.82014 39.7454 40.33876 42.20259 44.07883 44.13669 40.02494 54.10482 57.80767 37.293 37.293
36.37387 37.80625 40.79539 52.20179 54.21206 55.57717 60.43904 74.15717 81.42471 80.94001 68.45727 33.35652 35.96207 70.45049 54.86921 54.6412 51.97614 51.33764 51.33764 51.28346 48.45447 46.35256 46.40401 46.17279 45.41209 45.38563 45.84116 49.5144 49.65076 49.63717 47.4542 43.04189 39.2 41.41487 48.06633 52.97853 51.12734 40.77483 329.481 107.0834 37.94743 45.41286 50.72461 52.01705 54.23815 55.69068 45.80183 37.28287 37.28287 37.28287 43.91409 53.80908 53.81086 53.81086 53.76719 46.80534 40.44255 40.1138 40.96236 42.00558 114.2103 155.4865 163.8674 135.0061 79.56373 36.59946
51.3106 58.59004 62.71173 59.81395 54.59476 56.4166 63.40659 64.18699 74.21311 78.13894 255.1315 752.0236 59.47672 72.89972 91.91234 81.92045 54.7095 51.37059 51.33764 51.35485 51.62676 51.66042 46.68306 46.78614 45.57433 45.38563 47.80834 49.67849 49.67849 49.67849 49.69207 58.19683 54.88282 63.0706 63.56967 63.56967 63.56967 45.9263 37.81279 38.02296 43.82181 46.76632 49.95449 49.95449 49.97402 52.34153 49.77304 42.55352 38.22456 39.19297 47.35968 51.1478 52.58125 53.81028 52.08354 43.62951 42.35299 41.03048 40.93874 59.9403 170.8986 176.744 171.143 55.54695 35.78455 35.78455
79.45229 82.55447 82.5603 78.49178 69.64306 68.03751 65.42931 63.4572 69.74282 77.08044 291.008 747.5668 835.5349 654.8668 271.935 159.0922 95.46322 73.07904 67.71911 67.76619 74.25262 70.68105 52.0985 48.19003 47.63345 47.20354 47.86031 55.61153 60.62798 65.14555 66.27612 71.18822 69.35787 63.83778 62.85858 62.93331 61.56256 54.57988 41.71318 46.28671 49.33275 49.95449 49.95449 50.14075 51.79384 52.07229 51.51669 51.51669 50.98145 50.19602 42.86032 42.5951 43.56385 50.76869 52.92963 52.8881 50.57665 43.00764 38.92358 70.61171 171.026 167.2626 162.2449 53.55035 37.57191 36.29609
167.3892 59.30689 66.42175 63.83478 68.72438 68.72438 68.72438 68.8822 72.74396 76.93522 76.93522 72.13893 659.1554 1378.408 1435.538 1293.698 215.8461 51.92075 65.60229 72.49963 72.93962 60.43449 48.1999 48.1999 48.1999 48.1999 56.08374 77.69102 77.69858 74.39439 71.18822 71.18822 71.06808 68.7057 58.97699 57.28255 57.244 57.244 57.244 53.46895 40.81862 45.04571 47.26418 53.61938 719.8228 249.5454 52.92305 51.53591 49.21657 41.54209 41.39257 42.5951 43.71266 56.91345 71.62193 63.24643 53.5952 38.41849 38.41849 38.45611 39.84147 47.91024 77.62575 43.65595 41.39774 41.50319
324.0621 84.46061 52.67746 53.05092 63.71776 68.80942 71.97788 74.99301 76.93095 76.93522 74.91872 37.67787 663.7347 195.8361 265.7824 28.24446 31.55883 30.00144 28.24446 28.24446 28.27429 31.00138 38.14128 43.89763 48.74129 67.72395 76.97867 270.2431 480.1947 151.7187 70.25162 68.16358 66.49578 65.14358 62.28968 56.5575 56.49807 56.77365 56.7283 51.44725 40.85119 40.8109 40.8109 51.13322 687.0605 275.5816 53.85662 52.9962 40.1743 35.12549 37.60762 44.72215 53.60814 84.92635 94.47421 94.47421 85.26637 53.78367 38.41849 38.75513 39.1189 39.1189 39.17344 41.25931 41.39774 41.61466
73.65395 55.67948 53.48711 53.49466 55.78002 58.65934 73.31445 74.05642 74.18079 75.17066 58.27728 34.94537 36.35015 40.82278 35.96954 59.72115 37.68993 35.56078 32.17077 31.10615 29.24934 28.46952 28.51399 28.51611 31.89168 47.99453 58.59598 852.287 1478.167 1164.859 223.3092 63.06637 65.49486 65.19132 65.31217 56.72349 55.44583 55.08725 55.08725 54.94186 46.3154 41.1566 42.87056 47.12967 47.18114 48.71478 51.49322 52.30215 47.60696 37.733 41.43732 88.54963 94.18517 94.47422 94.47422 94.47422 94.47422 90.63628 60.20708 45.14231 39.59998 44.89355 55.91095 45.49955 47.52379 48.18688
73.78905 70.88614 60.18962 55.76235 54.16134 56.01018 73.37775 73.88123 73.65902 73.46058 65.95692 81.24033 82.43326 82.43326 58.23096 253.8203 39.19749 36.53451 34.67449 32.9865 32.1487 33.35515 36.79465 38.01422 34.34715 31.80701 29.92023 902.4623 1478.413 1224.651 922.0784 195.623 55.50237 56.40999 62.1088 62.24232 61.83222 60.19781 57.6655 57.01722 56.19545 48.43884 45.22498 45.22498 45.22498 45.22498 46.12243 52.09108 52.165 49.86284 63.45721 84.37112 85.84217 90.99161 93.0593 89.59748 88.91922 90.41084 86.41481 83.90136 80.45877 82.96282 97.52296 72.31555 55.98975 57.54464
54.20206 65.94267 66.63805 56.31397 54.1917 60.10749 73.5106 68.91935 53.25496 50.36465 53.77868 82.06978 82.43326 81.76749 54.5886 43.73145 41.37674 33.85173 33.21943 33.47602 41.66122 45.10349 56.87381 54.84484 45.33339 49.45396 49.19545 202.4696 707.0167 337.4272 63.55739 63.4786 59.29365 62.17812 62.30721 62.30721 62.3056 62.21773 62.12357 62.10607 63.9162 64.71038 49.64423 50.75975 50.91765 50.75839 47.20513 52.18917 53.61906 61.38727 89.216 105.6876 100.6869 84.47323 82.65653 80.05351 79.18559 79.48985 79.72726 83.39509 86.25399 94.63577 126.4817 119.8825 82.73093 59.75339
52.63425 53.10907 53.43574 54.20249 56.41645 62.20961 65.95007 59.61954 52.56258 49.70974 54.42356 62.62473 59.30304 59.33846 55.62825 55.27885 55.20915 50.94721 46.46034 43.21621 45.10349 59.28449 416.8494 448.7693 50.1932 48.36945 51.02255 51.02255 53.94865 74.05702 75.45083 75.45083 62.82882 52.21626 55.86694 61.31516 62.15614 62.10573 63.10669 64.27126 67.54918 64.61003 59.25376 59.25376 59.25376 59.25376 59.25376 62.73208 73.79533 73.54646 123.3048 550.6631 721.3976 541.4789 185.4379 83.91422 83.27541 171.0543 421.7163 85.72521 93.35287 93.76902 111.5433 132.3231 131.0664 120.403
73.23396 77.65736 69.37138 62.04466 62.17169 62.42298 62.5357 62.5357 62.5357 59.1389 57.88108 56.79902 56.70959 56.50017 55.60666 55.39534 55.39534 55.39436 53.21466 45.63933 45.10349 45.10349 172.2602 445.9596 154.6853 47.39474 47.75671 47.27645 70.27267 75.45083 75.45083 74.80637 58.65141 51.22978 51.22978 53.57267 61.61895 63.17356 65.21989 65.21947 65.98737 60.99401 50.9925 50.42406 51.07056 53.53343 44.02071 33.87319 31.85079 31.85079 39.26224 58.47361 62.74537 237.472 82.21865 105.6619 134.5479 843.2105 2407.958 376.8091 93.81699 93.81699 113.1307 132.3231 132.3231 241.5491
