polds95ag.asc
ncols         288
nrows         192
xllcorner     13
yllcorner     48
cellsize      0.0416666666667
NODATA_value  -9999
[rows 58 to 86 of 192, columns 198 to 263 of 288]
21.38162 21.38292 21.99322 21.8718 24.50526 27.21465 27.21465 29.16824 31.60614 36.6463 49.14466 49.14466 49.14466 49.14466 49.14466 49.14466 42.11263 30.49436 30.49436 30.49436 30.49436 35.95579 49.12379 64.11079 64.84995 64.61177 63.54881 47.20224 27.59245 20.91662 20.91662 20.91662 20.91662 20.76576 18.33208 16.04838 15.17875 15.17875 16.353 27.17651 32.88867 33.26777 32.18206 32.16319 32.16319 32.16319 32.16319 32.16319 39.25672 52.85568 48.53821 33.7519 27.21105 25.51431 25.51431 28.25369 36.45143 36.82398 -9999 -9999 -9999 -9999 -9999 -9999 -9999 -9999
22.84172 23.06554 24.07853 24.07853 25.90834 41.79237 41.92479 45.00505 49.14466 49.14466 49.14466 49.14466 49.14466 49.14466 49.14466 49.14125 37.03695 31.35848 30.78779 31.93389 30.92049 34.19418 33.92302 37.6852 46.82576 38.10507 38.74358 35.60263 29.53138 22.20026 20.91662 20.91662 20.91662 17.48724 15.17875 15.17875 15.17875 15.17875 16.22151 27.86682 33.39371 33.39371 33.26501 32.55809 32.01706 31.88409 29.71847 27.19876 27.1506 28.17765 25.51431 25.50921 25.51431 25.51431 29.26884 36.06498 36.82398 36.82398 36.82398 -9999 -9999 -9999 -9999 -9999 -9999 -9999
24.07853 24.07853 24.07853 24.07853 24.83139 28.58065 32.87683 39.2779 37.6334 35.56652 30.77153 32.48177 37.39335 44.22443 48.32879 41.41346 32.60966 32.60966 32.55162 32.29564 30.69849 29.63586 29.63586 30.13142 35.15781 35.44044 34.42602 34.4175 29.30239 25.51565 24.80071 24.18719 22.10204 15.17877 15.17875 15.17875 15.17875 21.06503 15.18785 29.21763 33.39371 33.39371 33.39371 32.68 31.60749 31.07353 25.1158 23.20107 23.20107 23.41283 24.01837 25.23104 38.83258 56.60714 65.43747 38.64923 36.82398 36.82398 36.82398 -9999 -9999 -9999 -9999 -9999 -9999 -9999
27.76608 26.47924 25.44861 30.20615 38.94256 38.88914 32.20577 32.20577 30.3212 25.93278 25.50192 25.50192 26.10453 31.7089 32.60966 53.59007 140.2455 32.60966 32.60966 32.92304 29.8449 31.05232 34.55828 31.15942 34.15752 29.21022 27.99958 28.13825 27.99958 27.99958 27.78873 19.89179 21.53308 31.43345 19.47544 59.11565 92.11212 102.3711 80.25056 57.6084 37.95211 35.02888 35.20272 33.4599 31.60749 31.60724 25.52568 23.20107 23.20107 23.20107 25.55711 74.10889 92.41618 92.41618 92.41618 87.42119 82.85823 58.97443 50.81721 92.36208 -9999 -9999 -9999 -9999 -9999 -9999
47.22034 47.39662 47.57896 47.71302 47.71302 42.39369 32.20577 32.20577 32.19878 28.93619 25.50446 25.50192 25.56617 29.10365 32.60966 187.381 401.7793 161.0361 32.79242 37.11818 40.58279 40.71113 40.71159 40.44459 35.7353 32.19996 30.25655 27.99958 27.99958 27.99958 25.18968 15.30351 15.2815 53.93055 63.05349 87.80116 102.6251 102.6251 102.6251 95.26137 44.75613 36.9785 36.33505 35.39688 33.12464 32.52195 32.39684 28.52983 23.79677 33.09074 65.69489 78.92548 92.41618 92.41618 92.41618 92.41618 86.86974 68.48965 46.28459 22.66304 -9999 -9999 -9999 -9999 -9999 -9999
46.23459 47.71302 47.71302 47.71119 46.829 43.06936 32.26297 32.20577 32.20577 31.42576 26.27135 25.50192 25.50192 27.49263 32.55256 32.75867 62.54771 35.89005 38.25832 40.12375 40.70681 40.71159 40.71159 40.34919 35.0999 34.63939 34.38693 34.08486 32.96852 29.20185 16.13919 15.29265 15.29265 15.29265 15.29265 27.21893 78.71566 100.6294 72.49276 61.33701 41.68042 41.2383 37.97279 37.4251 35.15561 45.22414 58.89867 59.23329 58.08873 64.26247 85.03869 92.41618 92.41618 92.41618 92.41618 90.4674 51.21053 13.69548 13.69548 13.69548 13.69548 -9999 -9999 -9999 -9999 -9999
47.36015 45.29528 45.05084 45.04311 41.63659 40.64341 32.26109 32.20577 32.20577 30.96202 27.66481 25.2608 24.14211 25.31598 26.7305 35.59274 38.82946 38.82946 38.82946 38.82982 39.88993 43.33247 42.5435 40.10597 39.23963 39.21116 39.21038 39.23963 39.23963 20.84015 15.29265 15.29265 15.29265 15.29265 15.29265 16.60839 47.21143 46.54602 40.78861 41.58046 42.46222 41.69278 42.09899 44.85846 53.10349 58.89272 59.23329 59.23329 59.23329 59.23329 61.60436 82.22802 89.55559 32.5676 23.45349 14.85223 13.75185 13.69548 13.69548 14.14225 22.2583 -9999 -9999 -9999 -9999 -9999
37.60875 42.95137 41.60886 41.60886 41.60886 41.60263 38.82359 35.62722 37.81775 34.05746 23.73564 23.73564 23.73564 23.73564 23.96582 34.48451 37.81345 38.83997 43.29655 43.93176 42.84285 50.62353 50.25413 43.48269 39.77237 39.2298 38.91527 38.0889 36.58643 17.40185 15.29265 15.29265 15.29265 15.29265 21.51275 29.56372 40.18178 40.18178 40.18178 40.40208 44.49879 47.22865 47.2673 48.2897 67.33983 77.28378 73.20152 69.37196 62.70636 59.82141 59.95642 66.70039 65.35119 28.12497 17.0737 13.69548 13.69548 13.74545 16.65536 19.7317 24.30931 24.44084 -9999 -9999 -9999 -9999
36.36672 40.73192 41.60886 41.60886 41.60886 41.60886 41.26049 40.66512 40.31915 37.99509 25.36178 23.73564 24.01097 29.86213 33.79535 36.69674 36.74487 40.16682 112.7028 193.2805 50.66037 50.66037 50.66037 50.66037 47.94854 35.61688 34.38532 34.02409 26.91056 17.95469 18.28242 16.86464 17.17225 30.36809 34.00901 34.36423 37.04165 38.18494 37.29134 42.3466 48.92831 48.2897 48.2897 48.37945 80.65777 89.1123 89.1123 89.1123 85.9136 74.41184 61.32947 61.03727 61.03727 43.31841 19.47219 13.69666 13.69548 16.44532 24.18242 24.44084 24.44084 24.44084 24.44084 -9999 -9999 -9999
36.16603 36.44522 39.11715 41.6049 41.45601 41.0215 39.81454 39.75782 39.75782 39.75782 30.42248 26.70415 33.37776 37.44468 36.87143 36.69674 38.88881 45.16034 820.7264 2032.426 479.999 50.66037 50.66037 49.78005 40.03659 34.02409 34.02409 33.58572 32.91928 30.11609 28.26115 28.26115 28.1048 30.36984 34.07414 34.1777 34.1777 34.1777 34.1777 52.6123 62.7369 58.07226 50.6919 142.1118 337.6677 706.0779 834.1605 152.1286 61.514 61.03727 57.70721 40.59143 20.91785 15.67494 15.74295 15.6324 15.14559 14.96754 17.97665 24.34071 24.44084 24.44084 24.43097 24.40734 -9999 -9999
36.16603 36.16603 37.00964 40.11172 39.76963 39.87786 39.83318 39.75782 39.75782 39.75782 43.93433 38.10651 38.02633 38.02633 38.01255 37.76506 39.58918 44.59711 541.0757 706.626 339.206 48.23214 49.41467 50.48324 45.76416 33.96112 33.18908 32.10373 32.05299 31.92925 29.20311 28.28083 28.41964 29.88823 33.45023 34.1772 34.1777 38.8418 51.52612 65.7907 75.09277 75.09277 73.01199 1023.838 2866.244 3076.567 3139.184 2060.958 61.03727 61.03727 54.38972 15.96251 15.84366 16.54646 16.96754 15.84366 15.84366 15.84366 15.84366 18.55897 18.04813 19.00569 17.27709 16.21918 15.84366 -9999
38.26258 39.93068 40.67799 40.67868 40.63151 40.61775 66.90388 759.1018 988.5106 313.458 61.26945 55.94364 41.63274 35.58219 37.84683 37.10348 36.66909 40.48432 41.49321 37.55223 38.43044 44.69162 45.32438 45.50622 43.17307 35.08372 32.05299 32.05299 32.05299 32.05299 32.05299 30.70184 30.79824 32.27559 32.27561 32.39577 34.3614 59.54601 75.09277 70.88082 64.39774 67.34431 71.65223 240.9571 1459.818 2879.484 2670.153 749.2919 49.2892 49.33255 38.54488 32.72384 22.12964 21.46807 20.83278 16.60144 15.84366 15.84366 15.84366 15.84366 15.84366 15.84366 15.84366 15.84366 -9999 -9999
39.63576 36.74036 39.47295 40.67868 40.67868 40.67868 79.78534 920.3307 1264.034 138.2165 55.13513 41.66173 33.82198 33.56199 34.62208 35.11261 35.76544 36.66909 36.66909 32.83842 36.60815 37.46236 42.32726 34.28919 32.06561 33.26408 33.46623 33.12489 32.27572 32.06021 32.08465 32.17367 32.27559 32.36451 37.80186 39.21304 44.88268 50.9957 106.1424 162.5283 93.49245 35.60698 37.44913 36.65751 63.24616 66.98114 66.23573 36.49648 32.97481 32.97481 32.97481 32.97481 32.97481 28.01179 21.15682 20.7016 20.36907 18.25204 15.84366 15.84366 15.84366 15.89445 17.53241 20.41115 -9999 -9999
30.63037 30.63037 30.73214 33.24626 38.68491 40.67868 53.69395 61.31194 61.31194 51.08132 34.66301 33.56199 33.56199 33.56199 33.53321 35.68456 36.54175 36.66909 36.36164 31.22412 29.45578 29.45578 29.45578 29.45578 92.01356 33.6122 34.73835 34.52204 32.97708 32.13807 32.13911 32.16937 33.01961 39.26636 45.1315 45.1315 92.56931 176.8607 192.354 192.354 144.768 37.67024 35.25863 38.48881 53.15807 66.36201 65.90516 34.95404 32.97481 32.97481 32.97481 32.97481 31.89942 21.9631 21.14627 21.14627 21.14627 20.9125 19.25717 19.21809 16.81297 18.67423 21.14627 21.14627 21.14627 -9999
30.63037 30.03082 28.10314 25.89757 25.68924 32.87352 46.82712 51.65717 48.81536 33.50447 33.40985 33.38062 33.37339 33.38531 33.3301 33.87106 35.06821 37.7307 34.54852 29.60842 29.45578 29.45578 41.63248 1012.287 565.4718 30.24381 33.90677 33.27613 32.49109 32.3323 32.2394 32.26735 35.05181 40.42679 41.94893 45.1315 94.40813 183.9708 188.0803 184.0013 85.02245 32.99038 34.25056 41.06012 65.51793 66.36201 63.87363 36.60315 32.97481 32.97481 32.86012 31.22577 29.68137 23.26562 21.08181 21.08857 21.1163 21.14166 21.14627 21.14627 21.1002 21.14627 21.14627 21.14627 21.14627 -9999
26.64859 35.03167 45.94344 31.10006 39.11179 40.5969 42.0207 42.0207 41.85221 35.15638 33.31432 33.31432 33.31432 33.3333 37.00133 39.55228 39.0729 39.53632 36.7575 33.73128 32.31549 34.77036 31.03153 82.77673 180.7352 29.45578 31.57417 32.96097 32.96097 159.5753 393.3817 44.63465 35.6474 36.92763 43.09915 42.30209 38.85864 35.37 75.18532 117.5716 29.70187 29.31306 30.66411 29.90937 53.18608 66.36201 64.44833 48.23307 32.97481 32.97481 32.64586 21.37059 20.97982 20.97407 20.97407 20.97974 20.99193 20.52406 18.12145 16.79363 17.56142 20.59012 21.14627 21.14627 21.14627 -9999
27.20114 55.04759 56.64566 57.06066 51.92026 42.512 42.0207 42.0207 42.27938 42.74441 41.33399 39.40432 39.23904 45.83558 43.03413 39.53376 39.6287 39.55786 37.45648 35.32599 35.32599 35.32599 34.54239 30.77732 30.83726 34.13412 44.6653 37.13286 36.28702 126.6189 150.293 38.13667 48.7272 40.67805 38.95515 37.69413 35.45101 35.37 35.07225 34.76926 30.13745 27.2081 27.59007 27.68496 27.94869 28.3655 32.28193 34.68087 24.484 27.4375 27.76344 22.6799 21.31577 20.97407 20.97407 20.97407 19.5553 17.90591 14.41213 14.41213 14.41213 14.74419 15.4797 16.54098 14.41213 -9999
27.31346 28.93221 28.74492 43.8053 48.9224 42.0207 42.0207 42.0207 42.39135 43.07735 43.06716 43.06716 44.70502 48.15539 50.08751 47.18339 46.71575 46.02854 46.61678 36.31514 36.51979 36.33176 36.81683 38.01117 41.17075 51.52592 54.99694 53.26463 51.89948 52.00174 52.00174 52.00174 51.65765 40.29745 38.95515 38.95515 36.59946 31.51322 29.39559 27.35717 27.1029 27.1029 27.1029 27.1029 23.47835 20.92956 20.92956 20.92956 20.92956 20.98653 22.87943 23.63443 22.86442 21.73509 21.28395 20.26832 17.6346 14.41214 14.41213 14.41213 14.41213 14.41213 14.41213 14.41213 14.41213 -9999
32.53665 27.08985 27.08911 27.08911 29.89457 38.52321 44.33476 44.75832 46.68149 46.23592 43.61399 43.73331 47.52007 48.15539 532.5718 725.2356 74.25669 48.15539 48.15539 41.82539 38.39615 38.29301 38.05801 38.02815 49.96376 54.99694 54.99694 53.99548 54.19944 49.32956 45.73879 51.52719 51.95795 49.51878 42.67145 36.9149 34.72529 42.28503 31.80273 30.56603 27.17054 27.1029 25.84439 24.37704 21.25286 27.48975 98.47631 65.22965 20.92956 20.92956 22.31783 24.24905 24.0871 24.24905 19.98414 16.43662 15.87879 14.43787 14.41213 14.41213 14.41213 14.41213 14.41213 14.41213 14.41213 -9999
32.80069 34.65298 39.94335 39.74755 37.35609 47.37385 48.29554 48.29554 48.29554 48.29554 48.25962 47.25301 47.72171 47.48306 128.6329 277.7587 183.9826 72.81789 71.68192 46.83277 44.42052 45.05652 46.45021 49.6942 51.72965 47.31355 45.22295 37.3279 36.93455 41.6319 41.65767 42.50967 42.16193 42.74343 40.56385 33.27596 35.95271 104.7343 91.55433 54.01615 30.04817 24.19559 20.94686 20.92956 20.92956 192.5207 1015.242 322.641 20.92956 21.07769 21.36127 24.1632 24.22539 22.75997 16.75165 221.7632 99.82604 15.86809 15.88982 15.09193 14.89658 14.86975 14.8786 14.6698 14.53197 -9999
35.67004 35.70627 39.96995 41.37496 41.4818 47.07075 48.35581 48.51513 48.66615 48.82514 48.19499 39.37504 28.71568 29.10596 27.57552 29.28231 45.82701 94.31114 96.52134 76.98203 56.74981 46.78748 46.00827 50.62717 42.65884 38.59457 36.15348 36.00658 38.33799 42.41012 41.77527 42.59569 44.19605 32.82254 30.19234 30.08846 31.12788 52.01536 50.97944 41.65877 33.68834 32.2533 21.61448 21.0959 20.92956 88.11609 340.8188 115.9673 22.64595 24.04578 25.18264 24.51695 18.994 16.36379 183.4861 900.3699 477.075 16.4044 16.4044 15.33825 15.06805 15.06805 15.06805 15.06805 15.06805 -9999
37.2869 39.04774 41.32512 41.37496 41.37496 42.99354 49.70225 50.00272 50.01793 49.98087 47.91339 30.40438 28.17648 32.03527 40.25253 40.80583 65.69821 95.58836 96.99511 78.61651 60.14815 35.784 32.21976 32.86195 35.89663 37.57829 37.32767 36.02373 41.29124 48.12091 47.21474 48.34636 48.34636 47.54142 42.04605 29.82674 30.07102 33.68834 33.68834 33.58697 30.64622 27.44224 24.40387 24.36282 22.66642 20.94319 21.15862 24.9009 25.23311 25.23311 25.23311 22.04613 15.74492 15.75523 43.59552 41.92686 16.4044 16.4044 16.4044 15.34828 15.06805 15.06805 15.06805 15.06805 15.06805 -9999
43.48528 43.11175 71.53167 120.3114 141.3693 123.1656 50.01793 50.01793 50.01793 50.01793 56.4076 49.62748 46.81687 46.64537 46.64537 47.89654 68.30715 69.99388 96.13596 45.2599 36.77114 32.5702 28.00442 27.73658 27.73658 31.07525 38.44678 37.76154 39.59014 47.75227 48.27806 48.34636 48.34636 48.34636 43.07158 25.29687 25.40294 27.54069 29.82773 27.7301 25.25468 24.41972 24.41972 24.41972 24.4167 24.24826 24.5643 25.23311 25.16599 24.63344 24.51243 17.41802 15.74141 15.74141 15.80175 16.39021 16.38719 16.4044 16.4044 15.34984 15.06805 15.06805 15.06805 -9999 -9999 -9999
48.50026 49.98293 128.8047 215.9049 215.9049 201.0384 127.9242 147.4737 100.826 78.11153 89.47241 82.38522 58.73801 54.70796 44.0646 44.15075 45.27216 42.18694 41.452 37.22002 37.22002 37.22002 32.86436 31.17955 37.57875 37.70803 40.17697 39.87095 45.23158 39.09943 36.33971 38.49982 40.71961 30.99204 25.86436 25.28374 25.28374 25.28374 26.25377 27.79445 25.80459 24.80865 24.41972 24.36026 24.15094 24.41972 24.66507 24.86782 24.64067 23.96962 22.71371 17.6785 18.63396 17.80023 15.76864 15.74141 15.78323 16.4044 16.4044 15.30674 15.06805 -9999 -9999 -9999 -9999 -9999
49.98293 49.98293 111.6461 198.6281 215.9049 215.9049 215.8686 186.2545 108.3077 92.20612 92.20612 92.20612 92.20612 57.50861 40.04782 40.04782 40.04913 39.95282 38.95805 37.57798 37.22002 37.22002 37.33425 39.28183 40.37193 40.22857 40.21103 39.9934 38.24701 33.82709 31.25663 31.25629 31.25629 28.89278 25.78882 25.28374 25.28374 25.78026 26.55169 27.84981 27.95761 27.81213 20.47607 17.52772 16.52359 18.22743 22.00485 23.98227 24.66118 24.313 24.48634 28.83707 30.13208 29.613 16.36583 15.74141 -9999 -9999 -9999 -9999 -9999 -9999 -9999 -9999 -9999 -9999
57.28393 79.29055 92.55422 94.07607 114.8111 111.3444 78.72675 67.43995 70.74513 85.29128 86.08191 91.9069 92.20612 82.75439 46.20845 40.04782 40.04782 39.84512 39.397 39.04583 37.81666 37.776 38.7502 40.21982 43.26501 43.23397 42.64052 40.12049 37.14792 37.14792 34.97018 34.64722 34.00804 34.92896 34.03124 26.96828 28.97844 30.9074 30.59048 29.15079 28.60061 29.32351 21.71198 16.57112 16.46355 16.46355 16.48475 16.95175 23.57954 39.15434 41.82968 42.10147 42.10147 42.10147 -9999 -9999 -9999 -9999 -9999 -9999 -9999 -9999 -9999 -9999 -9999 -9999
59.55845 60.05061 60.3045 72.85935 94.73991 106.7666 89.46513 67.78655 67.78655 66.41096 65.77203 64.27534 57.49707 71.92844 49.48561 42.8331 45.49508 43.85178 39.68223 39.38528 39.38841 42.29412 45.0509 44.26558 43.38474 43.37634 40.69727 38.41064 37.14792 37.14792 36.93624 36.73991 36.72091 36.72091 36.72091 34.68307 31.71523 31.71554 40.54227 42.01426 31.71554 29.47704 25.41684 24.97133 22.47521 22.45175 22.79239 20.50246 31.81117 40.82418 42.10147 42.10147 -9999 -9999 -9999 -9999 -9999 -9999 -9999 -9999 -9999 -9999 -9999 -9999 -9999 -9999
98.61354 92.66383 84.2129 140.8193 172.3773 172.3773 126.6521 68.84197 43.54228 33.30393 34.94386 41.25138 40.20189 40.20189 40.20189 40.20247 45.07016 102.3909 187.1807 128.8477 46.18766 43.4412 45.47486 158.2422 52.58841 42.4903 38.59679 37.94716 37.43137 37.38174 37.50412 36.81484 36.72091 36.72091 36.72091 35.90707 31.86529 83.2963 370.3363 249.0744 53.78376 27.8183 25.23763 25.41666 25.41666 25.41666 25.41666 25.41666 29.83307 37.86162 42.10147 -9999 -9999 -9999 -9999 -9999 -9999 -9999 -9999 -9999 -9999 -9999 -9999 -9999 -9999 -9999
259.2048 117.1361 94.12735 125.5393 165.9597 168.5911 139.1779 37.69494 33.15815 34.451 36.90328 41.82271 40.20189 40.20189 40.20189 42.59134 48.2366 62.11591 339.4838 231.5729 53.8882 45.47486 45.47486 680.3425 647.9493 43.81853 39.13889 39.03634 39.03296 39.03634 38.58801 35.82795 35.2599 35.61134 35.52201 36.37996 32.96204 67.14571 303.3153 165.4393 28.79428 16.76484 15.87466 18.87891 20.07752 21.52985 20.58154 21.7756 23.91371 25.41666 -9999 -9999 -9999 -9999 -9999 -9999 -9999 -9999 -9999 -9999 -9999 -9999 -9999 -9999 -9999 -9999
