polds95ag.asc
ncols         288
nrows         192
xllcorner     13
yllcorner     48
cellsize      0.0416666666667
NODATA_value  -9999
[rows 116 to 144 of 192, columns 198 to 263 of 288]
64.46603 63.68008 52.33988 51.98242 51.76743 49.82898 55.46371 93.27736 97.93597 96.74574 54.64351 49.69802 49.69802 49.21973 48.87203 60.90621 97.11839 97.23235 97.23235 116.6313 110.3082 78.49821 91.30478 99.83771 101.1958 100.6891 100.1525 99.2095 97.42278 825.0791 1238.147 398.575 82.39767 78.34405 70.72124 67.0836 67.0836 67.0836 67.0836 74.46956 111.5405 116.3134 116.1909 67.02221 54.0903 55.0005 56.73512 97.38361 111.9235 70.41953 64.18385 57.92321 1114.785 1585.151 1242.507 226.3083 42.20651 40.8107 40.5785 38.91298 38.90847 38.90847 38.90847 -9999 -9999 -9999
64.47312 60.25144 52.26693 51.57227 51.43315 49.99852 51.73952 74.85014 94.64577 87.99316 50.54197 49.69802 49.69802 49.48336 50.66909 80.12151 96.46683 97.23235 97.23235 94.88874 72.87684 66.51022 66.51022 74.35002 78.99701 72.53052 99.20904 99.19302 86.79143 71.589 69.75514 61.91443 58.877 58.877 60.51619 64.92441 66.20732 65.07706 66.91788 68.38164 79.04694 88.50343 107.9317 72.60995 55.3047 56.80882 68.78101 188.7184 137.6219 71.80684 69.17187 56.32721 181.8469 615.4649 478.7394 44.10521 44.10521 43.76849 41.21226 37.63476 36.74427 38.85841 36.23777 -9999 -9999 -9999
68.30276 68.32011 64.74172 51.1415 49.28664 49.28625 46.01849 46.25549 50.03631 53.12321 45.75771 49.04661 47.57344 45.99596 53.3227 85.84775 86.36254 85.63618 89.40091 83.49915 68.51965 68.01386 66.0965 62.80274 61.5028 63.02607 92.76069 89.13499 71.589 74.86466 87.01848 70.48349 59.937 58.86253 57.55161 51.78395 44.03273 44.56163 47.69407 70.11217 75.50692 69.05399 53.55095 45.71356 46.94867 51.24207 55.29606 63.22753 68.21987 68.52637 62.27118 54.81613 55.18196 50.13341 47.69691 42.80833 39.54856 30.14766 29.5043 26.94005 27.81643 33.56069 32.88429 32.8492 32.8492 -9999
68.48803 82.49209 87.95155 90.33414 85.56207 45.0012 39.87899 39.60453 39.60453 39.41266 38.20141 38.04812 38.17787 45.35835 52.32137 52.32137 52.32137 52.32137 62.53305 76.16801 76.16801 76.16801 74.44807 72.94203 66.83998 67.15173 68.04512 71.23271 71.589 80.92072 87.50945 87.50945 84.56165 51.3545 43.36452 42.58459 42.60549 44.00739 44.73718 50.64713 58.51912 46.78312 46.40912 54.58353 73.58316 242.4232 180.0133 63.85213 55.22392 50.34654 49.80602 49.80602 47.12066 37.75678 37.75678 33.94072 28.29641 26.92522 26.92522 26.93519 30.17995 32.93132 32.97087 32.8492 33.99189 -9999
86.37835 90.79665 550.4259 677.7574 423.2841 103.9012 71.36749 54.70549 45.61094 38.56003 37.97015 37.9395 37.9395 44.7765 58.56093 55.97782 53.4875 58.54498 61.43555 69.06717 67.3183 351.9174 537.7231 84.59458 68.10672 67.62482 70.09451 77.70806 77.68849 84.64996 87.50945 87.50945 75.87343 44.33431 45.01202 43.14707 42.90217 46.19899 46.64588 45.97829 48.30188 48.19622 51.81313 62.63691 176.8493 419.1816 472.3415 166.7667 51.38115 48.49638 48.07729 44.31913 37.81625 38.04926 38.16588 36.9923 34.85299 34.71421 34.8245 33.16948 33.19969 33.24649 33.21802 38.3163 44.28767 48.90205
90.32172 103.4856 1196.751 1674.588 1352.221 289.9882 72.70186 68.74651 62.68974 66.63049 52.47842 52.31037 52.5253 57.9345 64.51353 64.33068 63.82726 53.92776 59.10143 62.13832 62.47191 205.945 507.8304 966.3151 426.172 68.68776 77.41521 78.60664 77.29076 57.05632 79.18314 81.05484 60.78956 49.73216 49.78319 49.55228 46.46852 50.65073 50.67261 50.38446 48.82346 48.53975 48.56593 57.19238 67.70305 73.24287 99.43992 66.39595 45.59597 44.29723 44.29723 44.29558 42.39682 42.97269 43.02406 42.13959 43.47296 45.45547 45.48138 37.60361 36.48506 39.68246 40.32814 45.78146 48.6346 48.90205
88.00246 112.3559 143.8021 176.3114 99.82135 71.77528 68.74651 67.41786 68.15106 69.28976 69.82791 69.82791 69.75654 69.21684 64.52002 64.51353 55.95209 49.67556 49.67556 49.76448 64.49398 67.40117 73.70898 132.9781 100.0047 70.03727 80.28728 80.41727 71.51904 57.18963 51.54209 46.44902 46.26054 48.84797 49.78319 49.61023 50.19107 50.63603 50.67261 48.34919 45.72599 45.1731 53.67421 69.34207 71.84572 71.68684 71.84572 70.83748 55.89024 43.37255 43.6354 43.59928 43.91502 42.59136 42.27807 42.87698 45.94793 47.54548 47.54548 47.54548 47.50592 46.11304 45.9795 45.9795 47.73462 48.74725
62.91854 65.04569 60.55901 60.3806 74.33338 74.34918 67.49856 60.95829 56.90997 62.63183 69.78073 68.74955 66.13895 65.54879 64.74345 64.51353 54.45506 49.67556 49.67556 50.68112 65.62125 66.99573 67.03503 66.40311 73.03197 81.45827 86.11926 77.71271 53.40254 53.4534 55.17641 48.1828 47.79299 48.72889 48.97694 48.34833 48.32938 49.92915 50.67261 47.23624 44.69674 44.71445 53.81144 64.61408 68.85779 65.33607 61.97834 66.24534 53.77699 42.80893 42.80893 42.80893 42.76957 41.55063 40.95217 41.07128 42.73545 48.56444 52.48162 52.81881 57.54971 51.92068 171.2514 85.49908 45.9795 47.39022
58.89577 64.1348 89.06104 104.5998 115.9455 114.5521 70.06562 56.90997 57.40271 66.33518 69.79848 67.0421 72.59312 65.77367 64.62046 64.47839 54.70075 49.67556 48.72672 50.01362 56.82175 62.46137 59.3672 53.80255 63.33399 74.49269 77.0158 58.05979 51.11885 63.77751 66.17075 55.06136 48.67303 48.3778 48.32923 48.32923 48.32923 48.48032 49.21637 52.63317 53.09286 56.34084 59.11605 59.11605 59.13454 59.50102 59.61449 59.61449 59.44661 46.83705 44.13278 45.47151 45.00999 41.47621 41.23343 40.95217 40.95217 50.65299 60.17935 60.22661 60.36227 52.98679 366.6582 505.7916 158.3981 45.9795
62.29333 70.1633 110.3779 115.5203 109.4121 108.2334 81.59046 63.47384 59.04625 60.56428 63.59367 99.93875 111.7886 111.4638 70.94364 59.45359 55.55964 49.68709 44.60832 44.55336 44.55336 45.47215 50.51337 53.02381 50.12543 49.09764 49.94269 52.10961 61.01563 66.80018 66.71049 53.60102 48.70792 49.60218 53.31007 58.15748 57.65495 59.10465 64.30243 62.27215 62.08101 61.51767 60.77757 60.69785 65.84909 80.31268 84.28796 89.27018 84.22539 67.64223 59.52292 60.01042 55.82056 44.5902 43.73249 42.88654 43.50908 46.18726 60.79691 60.84113 61.08752 59.37026 54.73703 300.5374 114.6725 45.9795
71.67516 75.2183 82.11205 77.03377 77.80343 77.51956 78.13886 87.48254 80.92599 73.75179 65.23579 226.2343 143.3295 117.6736 131.5443 57.19379 57.19379 56.92945 46.19195 44.55336 44.55336 44.55336 49.16862 52.54428 49.09947 49.09764 71.0506 88.4222 78.34663 68.43784 50.3462 36.18897 44.21029 60.8248 69.23919 69.23919 66.80429 65.28461 65.9133 68.28164 77.79964 73.36779 76.14931 101.4536 99.77076 94.46429 155.1915 1374.845 2026.575 538.1403 60.50524 60.24432 60.24432 46.81877 43.92506 43.92506 44.05702 49.03621 60.87244 61.08926 61.08926 60.88656 53.03801 45.41872 45.76245 45.9795
69.1479 69.12591 78.00732 86.06066 89.16724 90.57884 86.08659 99.66402 101.2137 100.8707 131.8129 630.7864 705.271 182.4962 197.9388 95.91541 64.24386 56.64603 46.14654 44.55336 44.55336 46.47276 52.53991 50.45278 49.30882 70.09546 92.72583 92.78494 69.11481 53.75755 35.69909 35.69909 35.87083 52.73138 65.31879 65.00055 63.80018 65.22913 65.93105 92.79343 103.6447 103.5602 103.9837 103.5864 101.4523 94.46429 94.46429 535.5659 686.6202 94.12287 73.48672 70.39867 58.35882 49.47118 45.098 45.23574 46.94262 58.53284 57.50485 60.17078 61.08926 61.08926 43.70598 35.48183 38.92731 37.15101
68.57069 67.90252 70.4688 83.69202 91.65507 92.97587 100.3273 109.282 109.4462 110.1465 112.3237 530.1067 564.5544 210.3071 182.4248 117.8512 118.7497 107.2968 83.10596 61.09121 55.27655 59.92504 60.78662 63.75156 88.9492 93.45636 93.45636 86.69348 50.17187 38.38905 35.69909 35.69909 35.69909 40.25964 59.59074 63.38381 62.403 63.95613 55.54615 51.32001 54.61119 54.81347 61.13861 52.79436 79.73053 77.52599 80.12507 93.88503 83.26501 73.7663 73.78262 73.14212 53.27096 46.6391 46.6391 46.6391 51.70589 54.43249 54.43266 56.10362 42.05168 37.20389 35.51434 35.38041 35.38041 35.10451
123.5685 119.0992 99.87643 95.75939 89.89099 96.57438 104.1971 106.5505 106.6912 114.676 488.5822 600.2595 455.2292 150.0533 75.77882 61.82889 124.2166 217.8112 622.3546 519.1927 66.67601 60.84335 60.82591 60.97643 63.21764 66.18218 72.04001 85.35001 89.85977 85.40681 52.76331 37.34231 39.66639 46.39605 54.2007 59.31632 50.39559 47.00669 30.20679 35.55721 45.51099 48.98403 48.98403 48.98403 50.30445 50.9182 51.07938 55.76987 51.12645 59.39293 61.2165 55.84938 48.40119 49.30333 54.17464 50.02199 53.19786 54.43249 54.43224 54.404 40.60029 36.95232 35.38041 35.38041 35.21814 34.19342
117.6054 107.6937 110.4738 83.01145 72.51387 86.80707 89.9925 92.04909 102.9948 365.4398 600.0583 435.9456 64.89658 51.19981 51.19981 51.19981 131.112 608.1009 876.9954 876.9954 264.2365 72.52812 61.43907 71.86024 64.65099 60.91182 60.83304 58.86702 40.83482 38.74086 42.13913 45.87062 45.87062 45.87062 357.9146 517.2608 45.87062 33.36621 28.92752 28.92752 31.20856 47.30198 49.2369 54.27302 52.93834 54.96448 55.6639 56.33633 57.76297 53.65724 52.49326 52.7906 53.53434 55.94942 63.97136 67.83697 65.37738 56.63277 53.77429 53.71598 53.43958 43.9403 39.38686 38.96193 41.57307 35.26715
48.44312 48.19115 57.9408 68.26522 68.26522 71.94685 89.48013 94.62543 214.3903 299.4613 169.7964 105.0022 58.56241 71.58636 51.24855 51.19981 51.0064 285.4664 680.0804 542.3506 165.8183 149.4559 149.1717 141.9512 80.11253 73.49097 73.52334 57.38118 38.07102 38.07102 40.67024 45.14811 45.87062 45.87062 576.2548 620.7307 45.83854 37.1773 30.09196 28.92752 30.06204 44.61689 57.48416 60.28465 60.47052 59.51331 58.14924 57.8633 58.12482 54.50345 50.42657 49.62187 49.71941 57.91581 68.01099 67.77135 63.53785 55.65232 53.6767 53.6767 52.47943 43.56739 42.66148 42.66148 40.07685 35.18892
86.47738 77.29507 68.15079 68.26522 69.76985 78.02188 95.47114 100.0055 100.0055 110.8931 130.9547 134.7227 134.4693 128.7414 94.37083 44.93897 39.74164 39.10474 39.10474 57.04966 156.62 156.794 139.0843 129.0864 86.18808 73.55285 73.01736 51.92505 38.64877 38.45558 38.31906 40.88807 43.91478 44.24068 46.61178 47.38497 46.66018 50.27643 56.82102 53.44569 53.70053 59.58669 61.02731 61.02731 59.23886 51.12666 46.23149 44.68908 56.14811 61.68455 61.51976 87.77587 371.5474 60.04324 61.99072 54.78906 43.54425 43.75922 52.34999 49.03445 43.1699 40.46321 40.94631 38.03366 33.28148 33.27719
171.4983 164.0438 120.3512 84.89668 77.11858 74.8158 76.34482 92.93106 100.0055 95.77245 105.5488 134.7227 128.3687 65.69724 55.58925 39.10474 39.10474 39.10474 39.10474 95.35812 156.0173 156.7921 142.1671 130.3709 110.2423 78.98224 62.94372 39.13635 41.15208 51.76217 49.48442 44.59632 40.26215 40.2685 46.50046 48.33076 48.33076 48.33076 48.89085 46.35117 41.42915 37.89553 47.35817 53.48159 46.47079 43.01664 43.01664 43.01664 44.63091 48.90688 60.16892 425.5974 822.8685 61.87754 56.23792 39.93362 38.17027 38.17027 38.65865 39.00654 39.00654 39.00654 39.00654 38.95044 36.61468 35.04842
139.4295 107.8812 102.2455 84.97966 82.57577 80.98806 78.78971 84.26254 88.38783 69.729 62.39711 85.23854 103.248 64.60886 62.15048 49.85167 47.4324 40.53757 48.9242 75.23018 96.12399 88.82419 91.71611 105.7267 128.3923 103.7819 80.93217 56.96268 50.26216 52.13211 52.13211 52.09283 44.38815 40.26215 40.83881 50.15005 48.69291 48.19041 33.78288 31.03432 31.03432 31.20383 31.03454 32.5104 39.12558 42.97762 42.68923 42.92884 43.00911 42.80153 49.83974 90.10825 80.90959 64.50619 41.12675 37.86839 37.91765 37.94475 37.89768 38.63411 39.00654 39.00654 39.00654 39.00654 39.00654 36.66284
89.60979 86.13984 95.39123 100.0702 90.1608 84.11935 86.44064 81.95143 74.45041 57.63876 59.77567 62.15497 60.28485 60.83073 58.87965 53.75511 53.18426 56.17439 70.3716 76.87683 86.35694 82.77881 82.97419 115.1682 140.2782 149.9902 144.9919 83.46072 61.76599 46.12458 47.66891 45.77999 45.57039 42.46264 53.34261 66.38799 58.43273 56.56053 51.49925 36.30238 34.49677 35.98915 34.25143 35.93822 36.4177 39.99422 42.18921 42.23679 42.27856 42.18921 42.19807 57.01839 66.98286 57.35297 37.73154 37.73154 37.73154 37.73154 37.73154 -9999 -9999 -9999 -9999 -9999 -9999 -9999
78.3418 80.04347 85.1249 217.5004 1024.405 1107.16 113.0578 82.78617 55.27019 55.66967 56.10683 56.12701 56.10683 55.58701 53.36393 53.52868 68.06483 72.73272 82.33157 83.94174 91.59145 93.80855 104.6967 153.3923 154.1946 154.119 152.9906 125.8161 69.86611 40.8676 40.8676 40.8676 46.8793 56.93323 60.74833 60.23217 57.10153 57.49363 59.10589 37.26081 37.44072 37.43967 37.72438 35.86977 34.48512 36.88628 39.91707 41.84848 42.18921 42.18921 42.18921 39.83088 34.21663 35.85043 37.03037 37.73154 37.73154 37.73154 37.73154 -9999 -9999 -9999 -9999 -9999 -9999 -9999
74.98327 76.7044 82.29029 242.7627 844.8525 1232.734 134.0897 57.91817 51.02638 51.71769 72.22546 90.72887 112.7118 94.30701 66.42854 54.84912 73.18842 73.18842 73.18842 79.92917 114.4946 120.7687 121.6783 138.0892 125.3425 102.2296 142.8813 517.4882 446.7311 79.82426 59.85473 50.16842 35.18649 30.23722 29.6026 29.6026 29.6026 29.6572 30.06282 30.09126 30.09126 30.09146 32.24509 34.42069 34.42069 34.42069 34.42069 34.72266 37.29246 29.41034 29.8373 27.36322 24.30247 24.30415 31.96637 37.53712 37.73154 -9999 -9999 -9999 -9999 -9999 -9999 -9999 -9999 -9999
79.42236 82.52442 84.00018 90.54913 88.43841 264.3318 145.4842 75.7263 52.66866 51.02638 78.29043 128.5174 138.1345 138.1345 136.9227 122.3093 107.6476 104.2167 93.12872 115.2721 122.2599 122.2599 120.2552 112.6296 99.51653 94.42495 95.29182 111.4274 149.7458 94.42495 94.42495 81.42696 56.89109 42.1821 38.98801 34.81405 30.8133 30.01031 31.39023 31.85596 30.09126 30.48983 32.83795 34.42069 34.42069 34.47701 34.43167 34.42069 28.89951 24.38 24.30247 24.30247 24.30247 24.30247 24.30247 24.30247 -9999 -9999 -9999 -9999 -9999 -9999 -9999 -9999 -9999 -9999
82.52442 82.52442 82.16138 80.76981 80.55768 80.99384 80.38698 79.72842 71.21864 58.5755 69.66071 134.5399 138.447 138.1775 135.7681 125.7947 113.3564 108.9873 112.1151 134.9124 126.4614 126.7409 116.8153 112.6628 114.3427 110.0995 100.6723 104.1975 105.7961 102.6832 96.55656 92.63571 55.18285 53.62061 53.62061 52.14679 45.97896 43.03259 38.49456 36.94309 43.98299 45.16975 45.28834 42.70148 220.6104 118.8607 43.52868 43.19041 43.01448 26.5623 24.30247 24.30247 24.30247 24.30247 -9999 -9999 -9999 -9999 -9999 -9999 -9999 -9999 -9999 -9999 -9999 -9999
82.75573 93.99043 104.169 112.6007 112.0614 145.695 139.9843 86.3143 72.92641 72.92641 106.6786 141.8309 142.0457 138.6862 132.8047 114.7361 108.9873 109.4448 132.4016 174.9623 173.9053 134.1994 126.9751 116.8804 114.0449 115.7499 121.1232 117.5488 108.0739 106.8311 108.2824 111.477 78.02276 52.72538 51.32228 49.08864 45.5577 44.09307 44.09307 42.05627 45.39418 45.66252 45.65796 54.61977 329.8191 318.0871 44.48481 44.48481 44.48481 41.82261 31.19183 24.30247 -9999 -9999 -9999 -9999 -9999 -9999 -9999 -9999 -9999 -9999 -9999 -9999 -9999 -9999
83.0358 96.03651 113.4177 113.4177 131.6599 151.8809 159.518 96.27763 89.93865 116.2015 142.0706 142.071 141.6514 138.2312 137.2654 136.9474 122.5038 131.9196 197.9283 200.0783 200.0783 184.3506 228.5367 330.5501 176.2797 141.4001 145.7254 141.5385 144.4427 144.388 144.5789 118.4621 107.1068 125.6211 50.75282 44.09307 44.09307 44.09307 44.09307 44.20659 45.27609 45.66252 45.5311 40.5518 39.18627 50.91823 44.4455 44.48481 44.48481 44.48481 -9999 -9999 -9999 -9999 -9999 -9999 -9999 -9999 -9999 -9999 -9999 -9999 -9999 -9999 -9999 -9999
83.0358 86.87325 104.3934 778.5489 1097.877 161.4974 180.8107 177.4879 183.8279 180.5083 145.6288 127.7335 128.4542 138.1273 137.7635 137.2654 263.4843 1955.128 2162.382 418.9749 220.3853 185.2499 266.123 741.196 257.725 173.4254 171.9605 156.6692 154.5941 472.8464 516.0816 157.0818 128.0229 539.3942 583.3671 45.91135 75.0247 84.56087 49.6353 46.89256 49.50684 49.17904 40.40514 30.42182 27.00339 27.00339 30.93933 34.70201 44.48457 -9999 -9999 -9999 -9999 -9999 -9999 -9999 -9999 -9999 -9999 -9999 -9999 -9999 -9999 -9999 -9999 -9999
95.98246 92.63158 186.2496 751.8975 1048.239 211.9326 173.9609 183.9349 183.829 172.4505 142.1748 115.2525 110.1063 152.6333 186.4858 189.511 368.5519 2722.189 3021.759 902.7317 203.3823 183.9946 184.4501 187.0048 139.0486 98.80696 119.3105 129.6785 139.9731 318.8356 220.8635 154.3625 166.5352 759.7082 1102.142 201.5332 102.3012 60.67405 51.28265 51.06659 50.9766 51.09771 45.09069 27.53501 27.00339 27.00339 27.00339 27.00339 -9999 -9999 -9999 -9999 -9999 -9999 -9999 -9999 -9999 -9999 -9999 -9999 -9999 -9999 -9999 -9999 -9999 -9999
103.1604 103.1604 116.6061 126.3649 160.7487 180.049 182.5202 122.1151 101.2384 122.2152 119.6601 114.8773 141.9633 180.9792 193.8956 200.6825 193.4055 405.6783 573.3301 159.4298 137.5379 118.0531 128.0939 156.981 102.4078 113.1084 125.056 125.1093 125.0867 135.2632 146.5526 128.2349 121.8604 139.6003 156.3849 147.5924 92.29823 140.2867 90.64385 62.38612 60.72032 63.22794 61.43536 53.10426 50.97386 40.80532 27.00339 -9999 -9999 -9999 -9999 -9999 -9999 -9999 -9999 -9999 -9999 -9999 -9999 -9999 -9999 -9999 -9999 -9999 -9999 -9999
