polds95ag.asc
ncols         288
nrows         192
xllcorner     13
yllcorner     48
cellsize      0.0416666666667
NODATA_value  -9999
[rows 29 to 57 of 192, columns 132 to 197 of 288]
426.6395 534.5934 -9999 -9999 -9999 -9999 -9999 -9999 -9999 -9999 -9999 -9999 -9999 -9999 -9999 -9999 -9999 -9999 -9999 -9999 -9999 -9999 -9999 -9999 -9999 -9999 -9999 -9999 -9999 -9999 -9999 -9999 -9999 -9999 -9999 -9999 -9999 -9999 -9999 -9999 -9999 -9999 -9999 -9999 -9999 -9999 -9999 -9999 -9999 -9999 -9999 -9999 -9999 -9999 -9999 -9999 -9999 -9999 -9999 -9999 -9999 -9999 -9999 -9999 -9999 -9999
534.5934 534.5935 534.5935 534.5934 -9999 -9999 -9999 -9999 -9999 -9999 -9999 -9999 -9999 -9999 -9999 -9999 -9999 -9999 -9999 -9999 -9999 -9999 -9999 -9999 -9999 -9999 -9999 -9999 -9999 -9999 -9999 -9999 -9999 -9999 -9999 -9999 -9999 -9999 -9999 -9999 -9999 -9999 -9999 -9999 -9999 -9999 -9999 -9999 -9999 -9999 -9999 -9999 -9999 -9999 -9999 -9999 -9999 -9999 -9999 -9999 -9999 -9999 -9999 -9999 -9999 -9999
-9999 -9999 -9999 534.5935 534.5935 343.2913 216.7597 -9999 -9999 -9999 -9999 -9999 -9999 -9999 -9999 -9999 -9999 -9999 -9999 -9999 -9999 -9999 -9999 -9999 -9999 -9999 -9999 -9999 -9999 -9999 -9999 -9999 -9999 -9999 -9999 -9999 -9999 -9999 -9999 -9999 -9999 -9999 -9999 -9999 -9999 -9999 -9999 -9999 -9999 -9999 -9999 -9999 -9999 -9999 -9999 -9999 -9999 -9999 -9999 -9999 -9999 -9999 -9999 -9999 -9999 -9999
104.6934 -9999 -9999 -9999 -9999 216.7597 216.7597 216.7597 -9999 -9999 -9999 -9999 -9999 -9999 -9999 -9999 -9999 -9999 -9999 -9999 -9999 -9999 -9999 -9999 -9999 -9999 -9999 -9999 -9999 -9999 -9999 -9999 -9999 -9999 -9999 -9999 -9999 -9999 -9999 -9999 -9999 -9999 -9999 -9999 -9999 -9999 -9999 -9999 -9999 -9999 -9999 -9999 -9999 -9999 -9999 -9999 -9999 -9999 -9999 -9999 -9999 -9999 -9999 -9999 -9999 -9999
130.4218 1965.286 -9999 -9999 -9999 -9999 216.7597 216.7597 -9999 -9999 -9999 -9999 -9999 -9999 -9999 -9999 -9999 -9999 -9999 -9999 -9999 -9999 -9999 -9999 -9999 -9999 -9999 -9999 -9999 -9999 -9999 -9999 -9999 -9999 -9999 -9999 -9999 -9999 -9999 -9999 -9999 -9999 -9999 -9999 -9999 -9999 -9999 -9999 -9999 -9999 -9999 -9999 -9999 -9999 -9999 -9999 -9999 -9999 -9999 -9999 -9999 -9999 -9999 -9999 -9999 -9999
1276.653 1965.286 -9999 -9999 -9999 -9999 -9999 -9999 -9999 -9999 -9999 -9999 -9999 -9999 -9999 -9999 -9999 -9999 -9999 -9999 -9999 -9999 -9999 -9999 -9999 -9999 -9999 -9999 -9999 -9999 -9999 -9999 -9999 -9999 -9999 -9999 -9999 -9999 -9999 -9999 -9999 -9999 -9999 -9999 -9999 -9999 -9999 -9999 -9999 -9999 -9999 -9999 -9999 -9999 -9999 -9999 -9999 -9999 -9999 -9999 -9999 -9999 -9999 -9999 -9999 -9999
1965.286 1965.286 -9999 -9999 -9999 -9999 -9999 -9999 -9999 -9999 -9999 -9999 -9999 -9999 -9999 -9999 -9999 -9999 -9999 -9999 -9999 -9999 -9999 -9999 -9999 -9999 -9999 -9999 -9999 -9999 -9999 -9999 -9999 -9999 -9999 -9999 -9999 -9999 -9999 -9999 -9999 -9999 -9999 -9999 -9999 -9999 -9999 -9999 -9999 -9999 -9999 -9999 -9999 -9999 -9999 -9999 -9999 -9999 -9999 -9999 -9999 -9999 -9999 -9999 -9999 -9999
1966.86 2005.738 -9999 -9999 -9999 -9999 -9999 -9999 -9999 -9999 -9999 -9999 -9999 -9999 -9999 -9999 -9999 -9999 -9999 -9999 -9999 -9999 -9999 -9999 -9999 -9999 -9999 12.50985 -9999 -9999 -9999 -9999 -9999 -9999 -9999 -9999 -9999 -9999 -9999 -9999 -9999 -9999 -9999 -9999 -9999 -9999 -9999 -9999 -9999 -9999 -9999 -9999 -9999 -9999 -9999 -9999 -9999 -9999 -9999 -9999 -9999 -9999 -9999 -9999 -9999 -9999
2286.771 2393.361 1849.992 -9999 -9999 -9999 -9999 -9999 -9999 -9999 -9999 -9999 -9999 -9999 -9999 -9999 -9999 -9999 -9999 -9999 -9999 -9999 -9999 -9999 -9999 12.50985 12.50985 21.80326 23.32948 21.31707 21.31707 21.31707 21.31707 21.31707 21.31707 21.31707 21.31707 21.31707 20.43641 16.80567 -9999 -9999 -9999 -9999 -9999 -9999 -9999 -9999 -9999 -9999 -9999 -9999 -9999 -9999 -9999 -9999 -9999 -9999 -9999 -9999 -9999 -9999 -9999 -9999 -9999 -9999
1746.168 1746.168 1746.168 1746.168 1746.168 1746.168 -9999 -9999 -9999 -9999 -9999 -9999 -9999 -9999 -9999 -9999 -9999 -9999 -9999 -9999 -9999 12.50985 12.50985 12.50985 12.50985 14.82665 22.17484 30.46113 31.14401 23.32238 21.31707 655.4428 230.8588 21.31707 21.31707 21.31707 21.31707 21.31707 18.52983 16.80567 16.80567 16.80567 16.80567 17.2714 19.46305 19.46305 19.46305 19.46305 19.46305 19.46305 19.46305 -9999 -9999 -9999 -9999 -9999 -9999 -9999 -9999 -9999 -9999 -9999 -9999 -9999 -9999 -9999
1697.678 1746.168 1746.168 1746.168 1746.168 1572.504 1567.225 1134.879 1734.628 1746.168 1051.408 55.73128 55.73128 55.73128 55.73128 44.56194 32.95924 32.95924 32.95924 32.94084 21.43817 12.90164 12.65551 17.99522 25.48659 30.58375 30.75039 31.79942 31.89466 27.38877 23.71653 570.9342 100.1218 21.31707 21.31707 21.31707 21.43869 21.105 17.57195 16.80567 16.80567 16.80567 17.0715 18.15753 19.45637 19.46305 19.46305 19.46305 19.46305 19.46305 19.46305 20.85534 25.23083 25.28619 25.28619 25.28619 25.46155 29.00404 29.3612 29.3612 29.3612 29.3612 29.3612 29.3612 29.3612 28.45651
206.6194 922.7476 1512.78 1703.134 1165.687 197.0043 83.84324 69.15202 556.1248 890.1497 771.569 55.73128 55.73128 55.73128 55.73128 47.46044 32.95924 32.95924 32.85195 32.26686 31.89874 29.09235 28.58087 30.75037 30.75037 30.75037 30.77153 31.74485 31.89466 31.73078 27.44781 18.58489 19.14855 18.47574 19.24178 17.49429 25.87844 29.47336 23.9286 17.99266 16.80567 16.80567 17.9864 19.46305 19.46305 19.46305 19.46305 117.1281 19.46305 19.46305 19.46305 20.16073 24.05465 25.28619 25.28619 25.28619 26.16195 29.16479 29.3612 29.3612 29.3612 29.3612 29.3612 29.34872 28.52283 26.07159
88.59014 90.80624 449.3489 1087.668 267.3002 82.36389 48.73781 48.03118 48.03118 48.03118 174.619 55.72461 55.73128 55.76123 56.38079 53.30399 53.0197 60.49207 48.69486 33.8674 32.76002 31.33231 258.1511 95.34146 30.74576 30.72441 30.72271 30.32747 30.54035 30.73414 20.77518 15.2209 15.2209 15.24396 15.2209 15.2209 15.58401 28.75895 29.98916 25.60308 21.83299 21.45289 24.89359 24.22731 20.7311 19.46305 19.46305 278.0744 44.74556 19.46305 20.28707 23.31448 25.28619 25.28619 217.6938 903.9202 120.4436 26.63151 29.33534 29.3612 29.3612 31.38618 38.7066 33.63948 26.73757 25.77171
85.99995 91.02908 211.1374 393.6956 206.8825 45.31935 43.8115 45.51275 48.03097 48.03163 51.90743 54.94132 58.66188 71.42737 85.60267 81.92674 86.73645 87.20944 87.20944 59.46549 36.03113 336.129 904.5214 1196.232 140.348 30.66807 30.08686 28.92682 28.92635 28.92635 25.31834 18.90513 20.0296 21.25868 15.98141 15.23868 23.79188 29.98916 29.98916 29.98916 29.98916 29.98916 29.98916 29.5376 25.42871 21.39966 19.46305 19.46305 19.46305 20.01166 24.89174 25.28576 25.22667 25.27924 298.1887 555.7649 148.9364 25.39368 27.32567 28.14813 30.42317 44.53492 46.08406 46.08406 34.89861 25.98624
56.52149 56.96393 64.77148 140.7934 147.1634 70.75522 42.89395 43.02877 47.55533 53.18909 58.00812 74.33768 82.72048 86.99701 87.20943 87.20943 87.20943 87.10617 71.7772 55.11884 50.42292 1486.525 1611.874 1488.502 177.0515 30.46352 29.25117 28.92635 28.92635 28.92635 27.64366 22.85026 22.36697 22.36697 21.94253 27.57912 41.80107 36.40939 34.2825 48.18918 48.78672 45.48015 42.70344 39.45411 20.24229 19.79289 19.76831 19.66212 19.64508 19.77913 21.51381 20.44063 21.90438 25.06254 25.2454 25.28619 25.28619 25.28619 25.28619 25.28619 29.31387 43.49586 46.08406 46.08406 46.08368 41.6198
56.62658 56.46008 57.13151 111.9562 101.9345 80.94896 54.70784 52.13592 52.46701 52.9038 60.2099 73.76906 73.90611 78.56239 79.74583 81.1965 81.52148 82.98461 49.7727 47.43135 220.17 1042.484 1180.046 383.5812 34.55968 41.81881 45.80516 52.98579 38.95268 31.41484 25.08654 23.16681 22.36697 22.36722 27.34127 49.29425 55.619 55.619 55.35454 55.619 55.619 55.619 55.619 39.31038 20.21654 19.79318 19.79318 19.79318 120.7152 699.8525 283.5529 19.79318 22.79275 25.05102 25.09136 25.27458 26.74311 28.49751 32.16532 30.65618 38.25385 46.03061 46.08406 46.08406 46.08406 46.08406
73.11399 65.94089 61.22786 60.99758 60.99758 84.08133 1852.227 1143.204 52.22661 52.43995 52.66766 60.27682 68.35027 61.25648 52.66908 67.7924 69.96229 59.60826 55.81658 55.79778 54.87741 36.89103 36.22223 36.55471 36.67908 38.71086 73.78861 75.27737 75.27737 71.9135 32.66481 22.54276 22.6418 22.66266 22.69238 25.19287 34.06684 54.85919 55.619 55.619 55.38111 51.12258 35.25013 25.58427 30.92768 31.94246 22.18106 19.79318 23.27712 254.8611 135.9953 20.68734 24.2076 25.05102 25.05102 30.66337 36.78556 38.04189 38.04189 38.04189 38.20457 39.08387 46.02345 47.83381 46.48189 46.35171
71.40815 59.20551 60.99758 60.99758 60.99758 103.7928 1276.091 589.3506 38.20963 40.86026 46.66903 39.77932 396.5072 355.8701 42.19778 55.47832 57.39223 56.98335 56.04605 53.48229 42.83241 35.91969 35.92947 36.54287 36.33108 52.23772 75.27737 75.27737 75.27737 75.27737 71.06245 42.36122 22.69258 22.69258 22.69258 22.69258 23.12607 37.32048 44.89725 38.59086 27.67501 25.25602 25.25602 26.04553 45.18415 63.81076 56.30463 23.85304 19.79318 19.79318 19.79318 24.04541 25.05102 28.34851 35.58751 37.5909 38.04189 38.03694 37.00668 37.95111 35.35579 39.06254 52.75202 52.75202 52.3403 52.35922
57.6344 57.2085 57.88788 59.59936 62.35722 62.58418 62.937 61.03085 38.59375 37.11669 37.40634 44.92636 1478.342 1028.963 84.39594 52.20851 54.06451 63.19464 57.43682 57.78092 43.30212 36.88831 35.4639 34.49942 33.21342 33.49818 61.09209 75.27737 75.27737 75.27737 75.27737 65.68177 43.15855 69.0759 64.18308 46.37836 35.34026 37.0058 37.0058 31.66116 25.25602 25.25672 29.42336 55.45707 63.81076 63.81076 63.81076 51.20362 31.21305 23.6656 21.93547 25.79949 30.60692 37.56915 39.70241 39.25143 27.57498 23.25193 23.0514 24.16924 22.17092 23.85066 52.31972 52.75202 52.75202 52.75202
1625.574 1001.001 57.18771 58.55391 90.72538 90.92277 83.06759 67.82561 60.42005 43.80975 67.55634 96.90251 92.10709 89.83244 52.50091 46.89033 46.89033 51.29097 70.4043 74.17384 71.96654 39.07275 32.61732 32.21615 32.21615 32.21615 42.3702 75.27737 74.76969 67.62293 70.91541 81.46332 82.66369 82.66369 82.66369 78.46177 37.0316 37.0058 37.0058 35.37351 29.63739 26.44019 28.26985 55.393 63.80936 63.81076 63.81076 63.81076 63.81076 55.16979 39.71044 39.63814 39.71044 39.71044 39.71044 38.80733 34.88087 30.51936 21.81091 21.81091 21.81091 21.81091 29.12437 52.66857 52.75202 49.01447
985.8703 244.7109 57.1971 98.00613 115.3287 116.2521 116.2521 113.4104 102.579 92.74842 103.834 103.834 103.834 103.834 85.35573 48.79983 46.89033 47.09674 67.66195 74.17384 67.77652 29.23734 29.02532 26.97435 26.74994 28.40916 33.93979 42.08189 43.48319 33.93977 37.69207 48.79043 66.32671 82.62965 82.66369 79.46185 45.98333 37.12445 35.57622 27.89747 27.03699 26.84435 26.84435 27.26738 58.18162 63.81076 63.81076 63.7918 56.84617 53.48564 43.3021 43.1274 43.58333 41.42235 40.5173 40.53596 50.25106 61.5521 50.39073 55.14275 43.87294 33.05117 36.60594 29.74187 34.67852 31.5581
55.32521 54.23345 74.62556 100.1347 115.2862 113.1867 106.5739 95.28342 84.5014 69.77168 74.40143 89.34756 103.834 103.834 94.06886 49.38549 46.13002 45.90886 63.78214 74.17384 43.5585 24.35193 24.35193 24.35193 24.57781 30.96737 32.69368 32.83974 33.31505 33.93977 33.93977 34.90137 55.37202 82.56294 82.6637 82.6637 82.16025 69.63108 54.59467 29.55043 27.0102 26.84435 26.99801 28.15613 43.41726 55.32542 51.55424 45.92841 44.89372 44.89289 46.2682 49.33985 49.33985 49.33985 48.18658 58.4408 70.62947 70.62947 70.62947 70.62947 70.62947 68.34523 35.09864 26.24488 26.21709 25.8385
49.27284 51.4265 48.02469 42.37337 45.39413 66.6571 84.21406 84.38815 73.35636 55.1903 56.95327 62.43967 73.6356 82.57682 56.27687 44.41357 48.369 45.12047 48.22127 44.8627 28.23661 24.35193 24.35193 24.35193 27.04735 28.93292 29.02234 28.93528 29.06809 33.2546 33.9358 50.69927 82.27443 82.66369 82.65779 72.51 56.08925 41.30888 23.35323 26.52731 29.54741 29.27976 29.50325 30.13987 34.86297 43.83038 44.89289 44.89289 45.00757 47.68539 49.07423 49.33985 49.33985 49.33985 49.33985 49.95601 58.96133 70.62947 70.62947 70.62947 70.62947 49.66957 26.24488 26.24488 26.06177 25.71933
157.5413 46.97557 45.51895 42.56333 42.37249 56.82965 84.22356 84.38815 57.21195 48.41696 52.53335 50.24107 52.77373 56.7007 53.86538 63.7753 68.24825 67.37408 62.87209 51.21175 38.51483 35.51088 29.93221 25.4503 28.93167 28.93292 28.93292 28.93292 28.93292 29.44104 32.93422 33.22397 57.45192 75.71963 61.84922 27.33181 22.93999 22.93999 22.93999 27.52746 29.98593 29.98592 29.98593 29.98593 29.9836 732.4363 1439.189 1389.635 1124.401 347.2473 49.33985 49.33985 49.33985 49.33985 49.33985 49.47712 56.81857 68.59885 70.62947 70.62947 70.62947 70.0564 46.33212 26.24488 26.16152 25.74032
145.3718 42.00644 50.42568 52.48978 60.87138 77.37927 84.38815 84.38815 57.29024 48.21758 133.9141 48.21758 48.21758 49.51882 65.33371 68.24824 68.24824 68.24824 68.24824 55.10702 50.60942 50.60942 50.40974 41.50264 29.10206 28.3158 28.93292 28.93292 28.93292 29.21519 32.81136 33.04285 33.04285 33.70042 31.46224 27.18698 23.07136 22.93999 23.5506 26.22716 29.3762 29.65524 29.77674 29.84054 58.62324 873.6132 1805.715 1898.858 1751.508 455.7162 32.6959 41.11706 45.52364 43.50732 46.16262 37.96093 40.16693 43.12978 37.52578 49.5721 46.34583 52.42123 39.44844 26.24488 26.19916 25.47135
25.83633 51.29216 61.41551 61.44154 63.95469 79.75662 84.38815 79.69798 58.80621 120.1483 1589.969 213.7122 48.21758 48.08049 51.86249 64.95358 68.24824 67.4499 58.53475 50.89936 50.60942 50.60942 50.60942 47.1268 33.42773 26.13029 27.17794 28.08732 28.65715 30.80563 32.82563 33.04285 33.04285 36.40434 390.9633 701.9042 35.12821 27.24525 24.7677 27.25374 29.44725 29.58125 29.58125 29.58125 28.90009 24.16103 147.3686 793.6638 579.4586 30.73935 22.23705 22.23705 22.23705 22.23705 22.23705 24.61073 27.11097 27.30747 27.30747 27.30747 27.30747 27.43859 27.20389 26.64606 25.49551 25.16343
23.12799 23.10534 53.55031 82.89541 95.14149 96.35941 81.6833 47.86891 47.52552 308.8026 677.3526 240.4174 45.58982 44.23578 44.08546 55.42641 68.24824 55.10983 49.88959 50.60942 50.60942 50.60942 50.60942 47.74154 32.67725 26.12985 26.12985 26.12985 26.20856 28.60707 30.52059 34.338 36.25245 60.81185 642.6287 1102.1 38.12132 38.08952 37.64273 30.7965 30.25673 31.97114 33.47618 30.31047 21.91763 21.24206 21.24206 21.24206 21.35718 22.14691 22.23705 22.23705 22.23705 25.61595 31.55031 35.18534 33.4789 29.83681 27.3117 27.30747 27.30747 27.30747 27.30747 27.28546 23.09931 24.86512
31.37168 39.49019 79.21304 106.2375 108.8176 98.44897 47.99506 47.3223 47.3223 46.93363 44.29406 44.07996 44.07996 44.07996 44.07996 48.70005 52.89576 40.07484 39.15859 40.45692 45.84734 39.01495 32.47065 26.96245 26.12985 66.16198 26.12985 26.12985 26.12985 26.12985 30.72288 37.8829 38.08952 38.08952 38.08952 38.08952 38.08952 38.08952 38.08205 36.20586 35.80051 36.82086 36.82086 36.21162 24.76964 21.24206 21.24206 21.24206 21.24206 21.91731 22.23705 22.23705 25.18254 35.17485 35.18719 35.18719 35.18719 32.19475 27.52456 26.91059 27.18093 27.06506 26.90084 23.96968 21.38162 21.57201
32.13162 31.37916 31.37916 51.61764 74.43938 102.539 64.83789 49.31314 42.6367 43.02408 43.13658 42.8223 44.98805 50.76635 49.49968 40.37005 37.1646 37.1646 37.1646 37.1646 36.06789 27.05174 26.12985 26.12985 330.5217 1358.236 474.7031 26.12985 26.20019 35.1805 40.8091 39.13934 38.08952 38.08952 38.08952 38.08952 37.02668 36.79214 35.06771 36.32576 36.82086 36.82086 36.82086 35.76452 26.35974 22.30592 21.24206 21.26354 21.95251 22.1996 22.23705 17.19865 17.10197 23.58284 25.87131 35.12104 34.45327 27.44425 26.57846 26.55942 26.55942 26.55942 25.71555 21.64824 21.38162 21.38162
