polds95g.asc
ncols         288
nrows         192
xllcorner     13
yllcorner     48
cellsize      0.0416666666667
NODATA_value  -9999
[rows 116 to 144 of 192, columns 66 to 131 of 288]
46.47795 46.53986 48.02325 237.8661 396.2797 49.67574 49.95214 51.04786 89.09336 277.4899 178.1825 59.5783 59.5783 55.57052 43.1747 40.02813 51.62934 107.6355 95.51997 92.51292 92.51292 92.51292 88.57782 62.2342 59.89647 769.7679 2196.196 2196.196 2196.196 2196.196 2196.196 2168.413 2196.196 1262.386 78.75853 78.75853 78.72216 64.94807 44.3387 44.03203 52.79045 70.73727 73.40244 58.31864 45.50913 45.45185 49.32966 82.38276 92.90263 85.33147 46.69111 42.07985 46.17524 55.03554 63.70824 62.27462 57.66904 54.97836 57.3773 58.19304 60.55557 65.79399 64.92439 67.14961 69.43765 70.88622
45.84576 45.84576 48.52185 294.9958 546.7599 49.67574 45.23856 38.70991 41.86294 188.229 243.47 59.19635 55.42107 48.95139 47.82211 47.82211 51.10347 71.30914 70.91764 82.37544 83.5078 88.25265 67.71133 49.37226 53.02504 83.89471 1105.964 1460.191 2111.589 2196.196 2196.196 2196.196 2196.196 1945.147 201.545 82.90567 82.05039 83.56181 83.37128 85.20942 79.0044 73.40244 73.40244 65.56931 45.51027 45.69696 60.17924 78.40243 92.90263 84.56506 71.0951 40.24073 45.43007 58.7971 62.07673 62.22474 58.72673 54.978 54.978 54.978 54.978 54.77728 54.36335 63.76243 118.3039 101.4742
48.60344 47.13387 50.45745 50.62226 44.49086 36.78805 33.92429 33.38162 33.38162 152.175 1159.205 290.4409 58.50319 55.48771 51.25415 50.54486 52.19319 52.7494 52.60669 47.79032 46.58844 47.45895 46.80071 67.93078 86.44452 101.5033 101.5033 101.5033 434.2261 1635.368 1862.986 1790.81 1119.065 182.8834 92.79286 89.76233 91.25396 113.9289 128.0058 128.0058 110.0911 97.89574 89.25568 87.83656 88.8313 86.54306 92.70748 92.90263 79.43465 47.14702 33.59047 33.59047 42.25537 62.22473 62.22473 62.05541 59.69469 59.91142 77.95929 97.74882 89.10959 54.91072 54.41489 54.30459 105.7398 140.4473
52.01789 50.62988 50.67853 50.67853 49.11 38.59172 33.54395 36.65358 37.55844 39.53798 77.46888 55.49596 93.5232 124.9737 135.3591 86.54168 85.47458 64.82787 49.29969 46.59571 48.77548 46.79578 61.04127 99.28184 101.5033 101.5033 94.44891 79.36373 77.4677 74.12906 73.24187 110.8151 123.1944 123.1944 118.3634 104.275 76.17635 121.384 128.0058 108.78 115.6929 128.0058 113.208 92.94705 92.90263 92.90263 92.90263 91.87672 79.84921 36.51147 33.45297 33.59047 53.03288 62.22473 62.22473 62.22473 66.5601 149.996 186.6476 188.4256 187.893 120.7753 70.49337 54.30459 86.63175 123.2199
59.89784 54.92583 50.68644 97.21452 84.11084 59.13022 66.17965 52.42469 40.25827 40.25827 47.12533 64.18603 170.6767 199.0247 199.0247 199.0162 182.8878 157.934 132.1193 140.8594 95.92794 48.03687 47.97976 70.01113 99.51904 98.38275 88.69315 75.66434 75.66434 70.23146 64.23251 67.41514 78.3605 83.55318 60.26513 54.06851 427.3286 321.39 104.3312 87.41767 53.54926 90.20348 72.08173 59.56939 60.61525 63.57567 49.68865 32.75188 31.72238 31.50706 33.82051 36.70829 47.01795 51.43613 60.83062 62.28265 126.4102 188.3854 188.4256 188.4256 170.0384 188.4216 143.3394 54.59222 55.58027 46.6619
245.7599 169.1105 139.6871 97.59229 121.0182 86.10963 78.05711 73.89685 70.70087 70.50686 66.63174 63.89563 123.005 199.0247 199.0247 166.5504 155.9415 150.8466 147.0974 130.0542 50.82312 52.63071 60.59312 88.45899 90.91992 90.71444 79.87514 75.66434 73.67508 65.04761 64.02708 63.92702 61.29631 58.08396 56.65143 73.82565 845.0398 844.9646 84.28865 54.46788 45.60905 39.68015 39.68015 39.68015 39.68015 39.55257 33.32609 31.64952 35.93651 40.51489 44.25586 44.40423 44.28049 41.37843 43.12139 82.92062 151.564 188.4256 162.8523 143.9216 36.43868 52.61929 126.9586 76.14117 66.94488 41.17628
723.4443 481.2271 436.3173 75.08678 73.43211 69.48531 68.49566 73.01096 78.05711 78.05711 74.30052 61.21022 89.00433 344.4537 449.3638 366.6546 155.8598 139.2607 103.5218 74.06263 67.48604 67.54147 78.91228 90.71444 90.71444 88.11431 63.90805 70.09764 72.18018 56.81979 55.16923 56.68823 58.01231 58.07995 57.97132 54.92821 54.06851 54.06851 54.73102 57.26004 103.1636 40.3516 39.68015 39.68015 39.68015 42.36856 48.25396 48.59517 49.34975 45.64866 44.40423 43.22401 41.68787 41.06768 41.06768 41.18751 72.99244 105.6715 50.74336 36.09074 36.09074 36.21701 81.83814 84.45711 82.03832 68.88126
273.309 115.646 114.7008 95.36022 70.9967 61.77547 61.77547 61.57016 57.33918 58.74291 53.9118 51.06117 818.5432 1043.696 354.4969 93.27551 134.2254 2367.067 1354.714 71.72946 68.32919 67.54147 79.75852 86.78338 81.31001 64.19565 54.31216 55.15324 57.54082 54.30539 55.84295 67.26791 85.89452 55.86226 55.29911 53.96105 54.05603 54.15093 56.21037 57.95713 1162.151 1739.656 98.58305 49.77115 48.64111 49.86275 51.12726 51.12726 51.12726 50.26361 50.07156 53.7293 41.06768 47.03422 61.27652 50.53413 37.94609 36.12093 36.72826 36.09074 36.09074 36.82195 71.40361 84.45712 84.45712 84.45712
102.7589 178.7223 226.3504 129.1984 58.31182 70.88655 369.269 60.36968 67.88959 64.9333 49.69133 301.0711 1220.202 1654.538 520.5706 72.43613 72.43613 924.2381 337.7016 72.39899 70.07059 69.56919 63.48101 61.19907 61.19907 60.26133 61.03835 53.68303 49.32678 53.72183 112.564 132.7159 132.7159 100.4087 53.91243 53.91243 54.04883 54.13953 56.87354 57.30856 56.80016 56.43441 66.50378 72.72708 70.25299 69.78099 58.96941 51.97985 52.58478 103.5971 122.5012 135.2435 67.67149 58.06775 73.41415 75.33726 63.53447 60.45111 58.23289 40.27149 43.43526 41.61716 67.12263 76.66968 74.60973 79.77328
138.0083 313.2527 311.8837 76.83624 56.07101 211.3071 838.806 437.1388 67.24211 117.3949 545.9787 1045.545 1648.592 1629.964 220.9817 73.71342 72.80518 72.43613 72.43613 79.52606 71.96162 248.7877 67.36817 64.49491 61.74089 62.52274 70.34006 55.62052 49.2528 99.96853 132.7159 132.7159 132.7159 110.7067 71.06193 53.91243 60.6868 69.45641 66.95915 62.6512 57.4465 55.99664 65.43739 86.92957 86.95625 86.95625 86.95625 81.30576 83.64873 145.3816 156.1936 141.7856 96.00268 76.23615 66.74024 66.12998 64.37504 60.8882 67.80383 72.2537 51.60566 47.94881 48.68198 57.32333 67.90154 69.48268
147.0181 247.1502 118.6561 90.01017 87.4792 91.59258 67.2878 53.5494 58.25232 71.04172 298.2813 516.6978 1142.809 708.2309 210.174 88.5613 75.17634 77.05504 107.08 151.1461 435.0195 1842.492 545.1149 74.2513 83.49232 88.6981 85.50288 53.86293 49.11488 58.81698 128.5498 132.4905 104.2006 62.84245 81.548 56.03305 65.23206 70.40807 70.91821 70.91821 70.38704 63.46069 70.58743 84.89718 85.46935 86.72544 81.99374 79.11111 71.55996 74.88712 95.72248 391.8815 145.9917 72.83161 61.59569 60.8882 60.8882 62.03188 142.8619 171.9853 104.0163 82.0794 67.08551 69.48268 69.48268 69.36682
-9999 -9999 92.35903 92.35903 92.35903 92.35902 90.0508 63.16554 65.73719 73.48638 99.41334 108.1046 118.5685 153.0254 173.6829 156.3034 103.5255 99.40456 161.2859 389.0594 782.0479 696.8926 70.41246 231.5879 303.9182 90.31075 78.48757 46.41372 47.58665 78.48634 100.6696 93.68969 54.92642 49.42212 49.42064 55.91279 70.38434 70.91821 70.88217 70.79031 70.9097 71.32059 76.05009 76.18005 76.73677 80.99856 74.14182 71.72111 73.19999 91.19584 800.8593 1292.328 1185.549 713.9662 214.7131 73.64774 115.2087 177.5966 177.8864 182.6835 178.4444 157.2254 89.04891 83.16245 77.35845 67.39046
-9999 -9999 -9999 -9999 -9999 -9999 92.35903 92.35903 96.89201 108.1046 108.1046 108.1046 161.9821 161.9821 161.9821 131.3411 118.638 94.85262 117.5736 511.8166 357.7548 70.4259 62.42485 74.95029 186.4052 159.1607 117.1024 62.25336 48.39348 57.31913 88.24284 88.24284 87.92263 61.19078 49.42064 56.71909 70.91821 70.8186 66.65891 64.42906 70.63233 73.2066 76.18005 76.18005 76.18005 76.18005 74.48573 82.69609 180.1007 166.2316 248.5775 896.0021 1092.304 1360.25 813.1099 80.42207 80.42207 95.37298 137.6076 149.5917 147.1514 88.01947 82.86559 93.41227 88.85591 70.75455
-9999 -9999 -9999 -9999 -9999 92.35903 92.35903 92.35903 -9999 -9999 -9999 -9999 -9999 -9999 -9999 95.68346 95.68346 430.7193 395.5222 95.68346 69.87078 54.54836 54.54836 57.41139 128.3792 171.009 171.009 169.7741 102.0717 88.24284 88.24284 88.24284 83.63177 57.1643 45.16912 62.25755 69.05447 65.49122 62.55915 63.04624 65.07787 71.17564 75.57505 74.70582 74.86411 70.7144 68.99051 67.46226 93.33338 177.1443 150.1013 84.50978 148.9896 872.1625 263.7899 123.461 116.1577 94.52314 74.20868 136.3202 179.4628 140.3962 69.3941 71.60542 118.6073 148.7505
-9999 -9999 -9999 -9999 -9999 -9999 -9999 -9999 -9999 -9999 -9999 -9999 -9999 -9999 -9999 75.20084 77.23904 175.4055 595.8421 318.6821 93.99146 60.87444 56.51847 79.62916 149.8171 171.009 171.009 150.7953 91.57744 88.97437 88.24284 83.41113 52.8573 43.87942 44.00998 52.34825 55.9132 57.28127 59.24746 60.83153 62.92546 66.21997 67.52534 67.50866 67.78319 66.83386 64.7585 64.99874 74.7873 83.96989 83.91656 94.92767 109.4641 123.3985 131.1724 131.8669 126.0107 70.69664 71.66459 169.9159 179.4628 167.8428 76.56049 69.3941 68.45219 113.8123
-9999 -9999 -9999 -9999 -9999 -9999 -9999 -9999 -9999 -9999 -9999 -9999 -9999 75.20085 75.20085 75.20085 75.20084 75.20084 211.6394 266.2114 87.41376 72.75642 76.03539 83.2372 93.40194 104.9733 109.8053 97.14032 93.91693 91.6408 88.29008 77.6671 67.95622 58.41958 70.59466 113.3859 171.4973 154.7251 195.5415 177.1944 108.4866 67.50042 66.9136 65.36323 64.63629 60.53655 60.02353 62.92665 65.26865 75.89441 81.85761 238.1023 264.2931 139.0549 136.8016 136.7512 90.63612 80.92542 147.9877 179.4628 179.4628 179.4628 161.6014 82.57877 64.19355 56.89201
-9999 -9999 -9999 -9999 -9999 -9999 -9999 -9999 -9999 -9999 -9999 326.0519 326.0519 174.8735 78.488 71.87352 73.14191 71.3019 73.23421 73.57634 72.28664 171.4614 78.9903 79.23706 81.87997 81.26665 80.46601 80.42793 103.4773 138.5338 117.5131 96.38853 81.34126 81.34126 81.34126 119.5547 276.1974 279.7396 279.7396 279.7396 257.7074 97.39809 60.51564 59.93179 59.93164 59.93949 63.08001 64.44457 72.17686 75.86192 75.86192 119.0304 272.2564 255.773 143.0015 143.0476 231.0015 184.0278 129.9596 134.5305 129.0175 148.0384 139.6755 148.6712 151.6158 129.468
-9999 -9999 -9999 -9999 -9999 -9999 -9999 -9999 -9999 -9999 326.0519 314.3053 152.6379 82.63849 61.35429 62.57199 60.76547 102.0259 99.17158 72.28664 386.2687 1181.512 385.13 72.28664 70.61131 69.36655 69.34328 73.27594 174.7945 181.6406 181.6406 181.4103 153.2743 103.0574 81.34125 133.446 260.6203 279.7396 279.7396 279.7396 278.4976 131.3161 59.93164 59.93164 61.3763 63.75999 64.74278 64.75992 72.8299 76.97132 76.51159 95.53234 228.8311 220.1463 217.3935 235.8449 320.3564 245.7771 101.0827 100.4703 90.93362 84.45117 83.63459 104.2973 100.3593 97.62827
-9999 -9999 -9999 -9999 -9999 -9999 -9999 -9999 -9999 -9999 -9999 214.8542 42.87392 42.87392 105.3622 161.94 60.76547 238.8445 296.8028 72.28664 109.4878 289.776 72.28664 72.30384 73.52438 76.44675 79.80009 83.46383 -9999 -9999 181.6406 181.6406 119.0298 81.34125 81.34124 85.98985 191.8065 227.7874 198.7971 208.655 237.9773 223.4525 209.479 111.4108 67.44512 64.75992 64.75992 64.75992 66.62291 90.29841 92.13557 245.0043 163.4319 95.50191 99.65541 103.1525 203.0152 303.7813 162.9861 238.9836 287.8139 277.8762 84.359 76.46054 74.21835 74.21835
-9999 -9999 -9999 -9999 -9999 -9999 -9999 -9999 -9999 -9999 -9999 -9999 42.87392 42.87392 262.4106 168.7498 60.76547 62.91407 64.54297 65.81563 65.40001 66.59317 69.76835 72.3813 82.8412 83.46383 83.46383 83.46383 83.46383 -9999 -9999 -9999 -9999 -9999 81.34125 99.37364 153.4452 165.3409 165.3409 165.3409 170.22 253.3463 254.6428 249.8215 105.4677 61.41076 62.69273 62.24375 80.00271 92.54552 92.54552 92.54603 94.53022 93.83504 94.83542 99.8041 244.7689 570.4653 579.0094 579.0094 579.0094 561.0108 375.8471 96.70248 74.21835 74.21835
-9999 -9999 -9999 -9999 -9999 -9999 -9999 -9999 -9999 -9999 -9999 -9999 -9999 -9999 -9999 219.1353 62.12797 64.17224 64.47469 64.47469 64.47469 64.47469 64.47469 64.5637 75.54218 83.03155 73.84508 70.83865 65.48241 62.46533 62.46533 -9999 -9999 -9999 -9999 165.3409 165.3409 165.3409 165.3409 165.3409 174.6093 250.3199 254.6428 245.8864 123.1521 59.78584 59.78584 81.33707 90.25893 89.81319 92.54546 91.94009 75.00105 70.43273 69.13523 95.11839 100.8956 178.1223 157.811 263.5175 521.5478 171.534 75.60026 74.8409 73.12787 72.57763
-9999 -9999 -9999 -9999 -9999 -9999 -9999 -9999 -9999 -9999 -9999 -9999 -9999 -9999 -9999 -9999 -9999 64.47469 64.47469 64.47469 64.47469 64.47469 64.47469 64.47469 64.47469 63.98202 62.46545 62.46533 62.46533 62.46533 62.46533 -9999 -9999 -9999 -9999 -9999 -9999 -9999 165.3409 165.3409 165.3409 197.9067 254.5893 154.0053 59.78584 59.78584 59.78584 86.91486 86.91486 87.01125 88.49508 88.43581 67.85548 60.90141 60.90141 71.9843 88.42346 96.88605 99.54322 88.1356 96.78785 75.55377 77.19392 77.78181 72.27089 71.88002
-9999 -9999 -9999 -9999 -9999 -9999 -9999 -9999 -9999 -9999 -9999 -9999 -9999 -9999 -9999 -9999 -9999 -9999 64.47469 64.03953 57.41001 47.73563 54.53747 57.69047 61.75843 63.86679 62.48373 62.46533 62.46532 62.46533 62.46533 -9999 -9999 -9999 -9999 -9999 -9999 -9999 -9999 -9999 -9999 -9999 -9999 -9999 -9999 -9999 -9999 86.91486 86.91486 86.91486 86.91486 86.91486 65.12831 60.94846 60.90141 62.33958 84.37899 89.00364 97.71511 99.7835 88.96037 94.08887 101.8537 103.3017 101.0838 76.44621
-9999 -9999 -9999 -9999 -9999 -9999 -9999 -9999 -9999 -9999 -9999 -9999 -9999 -9999 -9999 -9999 -9999 -9999 -9999 44.44239 43.86048 43.86048 43.86048 43.86048 43.99181 54.0878 62.0204 62.46534 -9999 -9999 -9999 -9999 -9999 -9999 -9999 -9999 -9999 -9999 -9999 -9999 -9999 -9999 -9999 -9999 86.91486 86.91486 86.91486 86.91486 86.91486 86.91486 86.91486 80.57872 64.46606 61.78089 61.23894 76.01996 86.35281 83.32211 87.62306 85.19047 106.8097 114.1191 117.9063 103.6407 103.3017 259.5733
-9999 -9999 -9999 -9999 -9999 -9999 -9999 -9999 -9999 -9999 -9999 -9999 -9999 -9999 -9999 -9999 -9999 -9999 -9999 43.86048 43.86048 43.86048 43.86048 43.86048 43.86048 43.86048 -9999 -9999 -9999 -9999 -9999 -9999 -9999 -9999 -9999 -9999 -9999 -9999 -9999 -9999 -9999 -9999 -9999 -9999 86.91486 86.91486 86.91486 86.91486 86.91486 83.87721 87.88417 74.30746 62.22828 62.22828 62.22828 91.4728 91.49425 75.37731 96.65746 204.1239 175.1694 135.6857 141.8263 137.8405 151.9138 986.3912
-9999 -9999 -9999 -9999 -9999 -9999 -9999 -9999 -9999 -9999 -9999 -9999 -9999 -9999 -9999 -9999 -9999 -9999 -9999 -9999 43.86048 43.86048 43.86048 43.86048 -9999 -9999 -9999 -9999 -9999 -9999 -9999 -9999 -9999 -9999 -9999 -9999 -9999 -9999 -9999 -9999 -9999 -9999 -9999 -9999 -9999 86.91486 86.91486 82.76817 73.79069 71.2079 72.67959 89.19526 80.42384 72.61261 69.08456 89.8027 113.1548 220.3517 707.6955 858.2631 799.8804 197.8492 157.334 274.6873 475.028 724.1483
-9999 -9999 -9999 -9999 -9999 -9999 -9999 -9999 -9999 -9999 -9999 -9999 -9999 -9999 -9999 -9999 -9999 -9999 -9999 -9999 -9999 -9999 -9999 -9999 -9999 -9999 -9999 -9999 -9999 -9999 -9999 -9999 -9999 -9999 -9999 -9999 -9999 -9999 -9999 -9999 -9999 -9999 -9999 -9999 -9999 -9999 -9999 69.91221 69.91221 69.91221 71.83531 91.57748 92.42963 92.42963 92.96127 116.8612 121.2416 230.9464 733.397 742.4518 595.3893 199.3755 322.1152 909.7015 1512.73 1226.297
-9999 -9999 -9999 -9999 -9999 -9999 -9999 -9999 -9999 -9999 -9999 -9999 -9999 -9999 -9999 -9999 -9999 -9999 -9999 -9999 -9999 -9999 -9999 -9999 -9999 -9999 -9999 -9999 -9999 -9999 -9999 -9999 -9999 -9999 -9999 -9999 -9999 -9999 -9999 -9999 -9999 -9999 -9999 -9999 -9999 -9999 -9999 -9999 69.91222 69.91222 69.91221 83.52348 92.42964 92.42964 92.42964 92.42964 142.2502 142.2502 162.1954 178.2859 186.7157 194.7503 447.1123 871.8068 1032.002 1144.96
-9999 -9999 -9999 -9999 -9999 -9999 -9999 -9999 -9999 -9999 -9999 -9999 -9999 -9999 -9999 -9999 -9999 -9999 -9999 -9999 -9999 -9999 -9999 -9999 -9999 -9999 -9999 -9999 -9999 -9999 -9999 -9999 -9999 -9999 -9999 -9999 -9999 -9999 -9999 -9999 -9999 -9999 -9999 -9999 -9999 -9999 -9999 -9999 -9999 69.91221 69.91221 84.94408 92.42964 -9999 -9999 -9999 142.2502 142.2502 165.4754 178.2009 178.8051 250.5444 289.9557 338.788 605.9803 783.7332
