polds95g.asc
ncols         288
nrows         192
xllcorner     13
yllcorner     48
cellsize      0.0416666666667
NODATA_value  -9999
[rows 87 to 115 of 192, columns 198 to 263 of 288]
794.7673 691.3672 113.1564 61.1976 72.94315 63.69151 76.16413 38.4227 42.8093 48.43051 49.12751 48.69859 44.64944 39.36461 37.53125 38.32505 42.95006 46.90362 107.184 54.85873 46.27758 43.59631 41.98235 39.67772 40.59144 40.28806 39.51778 39.16695 39.16695 39.16695 37.49914 34.35114 33.84457 33.84457 33.84457 37.21627 41.15273 36.50118 31.03978 30.10387 28.65916 20.46128 15.47886 15.16817 15.16817 15.16817 15.16817 15.16817 15.16817 -9999 -9999 -9999 -9999 -9999 -9999 -9999 -9999 -9999 -9999 -9999 -9999 -9999 -9999 -9999 -9999 -9999
504.0828 219.386 61.78534 58.99384 56.19759 56.15253 56.78791 56.81902 52.07386 49.13615 49.13615 47.05978 40.39094 36.0173 36.0173 36.53111 37.81557 41.72744 47.48947 48.21092 44.65781 43.31403 40.80369 41.92488 43.79453 41.96986 39.66959 37.15359 37.12976 36.79135 35.59299 34.58333 34.6263 34.92162 36.29544 40.02172 41.59582 41.59582 32.29985 29.68421 29.68421 29.63783 29.21935 18.22084 16.53766 15.16817 15.16817 15.16817 -9999 -9999 -9999 -9999 -9999 -9999 -9999 -9999 -9999 -9999 -9999 -9999 -9999 -9999 -9999 -9999 -9999 -9999
435.4676 260.5878 178.8238 166.2389 120.0077 66.60657 56.82865 56.82241 56.46751 54.55974 53.02596 57.52962 65.42324 43.79902 39.84455 39.82022 39.87256 39.87256 39.98379 45.03463 46.10016 46.10016 46.09075 47.61186 47.68349 47.68349 43.48843 36.96155 36.28089 37.71185 35.50693 35.06299 35.06038 35.19397 71.3923 84.63366 68.96205 41.9279 41.58265 34.7088 29.68421 29.68421 29.68421 27.22215 35.38186 41.11858 41.49379 -9999 -9999 -9999 -9999 -9999 -9999 -9999 -9999 -9999 -9999 -9999 -9999 -9999 -9999 -9999 -9999 -9999 -9999 -9999
644.8573 395.4605 166.4616 163.4492 108.7158 101.614 91.94505 87.09643 71.42355 61.29132 58.19645 59.20639 69.4437 69.4455 61.32344 55.38625 46.99761 44.30167 42.24183 47.12548 47.47292 46.10016 49.89363 72.52224 62.99238 62.81754 64.15311 49.35728 42.80231 41.49834 39.44503 39.38802 36.61235 70.42139 92.23442 102.5391 102.5391 71.32382 42.6072 44.96274 42.57113 37.59738 34.52013 40.21838 47.58701 45.67138 43.93444 43.93444 43.93444 43.93444 43.93444 -9999 -9999 -9999 -9999 -9999 -9999 -9999 -9999 -9999 -9999 -9999 -9999 -9999 -9999 -9999
207.0827 76.94308 84.78775 133.8196 102.3125 102.3442 454.7451 1641.66 455.6693 104.6506 76.49242 64.26877 68.23435 66.72475 65.9673 67.35719 59.57478 57.55816 57.55816 57.55816 57.49595 63.75722 82.96222 810.1433 1401.032 671.3081 101.4975 101.4975 54.80794 41.51534 41.51534 41.52247 41.7662 52.21578 76.95155 97.4593 102.3818 73.4957 47.2364 45.25352 45.25352 45.52277 46.13386 47.70292 47.35672 44.62739 43.93444 43.93444 43.93444 41.77607 40.24627 26.8831 27.48138 52.39048 52.39048 -9999 -9999 -9999 -9999 -9999 -9999 -9999 -9999 -9999 -9999 -9999
497.8094 503.1503 284.6411 80.32355 83.60748 99.67826 293.2666 239.1405 102.8193 88.55822 71.01084 71.07903 69.0706 63.57122 63.54481 63.2489 59.70562 57.55816 57.90491 58.17129 58.62695 61.96994 77.57043 728.2811 1470.316 932.8704 98.13702 80.75355 48.99834 43.62187 41.51534 41.64659 42.39302 42.49749 42.49749 42.51972 49.99318 30.08015 31.69434 40.38891 45.33043 47.83799 48.38448 48.25706 48.03977 46.37811 38.70925 33.36971 27.64997 26.58044 26.22942 25.12235 36.32488 49.94359 52.19048 52.39048 -9999 -9999 -9999 -9999 -9999 -9999 -9999 -9999 -9999 -9999
895.5568 750.9034 357.9792 105.3837 81.91038 77.23889 78.06942 67.882 66.37856 66.37856 67.55656 71.07903 71.07885 65.2471 63.54481 63.54481 62.48705 57.00287 56.89752 59.50602 59.87882 59.87882 61.6089 56.45819 53.94213 52.98678 50.29807 49.40992 49.40992 49.40351 48.67569 48.62988 48.36005 43.96234 39.9794 33.20184 29.50104 28.72107 28.72107 30.86315 34.19127 46.84063 47.85165 46.63055 43.68513 37.68505 34.48299 28.63969 26.0408 25.12235 26.43747 27.75109 30.00216 31.41294 48.90441 52.39048 136.4792 616.972 -9999 -9999 -9999 -9999 -9999 -9999 -9999 -9999
196.7603 193.8135 131.4499 121.2434 84.13826 75.37695 75.37688 72.53226 66.43764 66.3735 64.34479 62.46985 55.25992 53.66314 62.87966 60.62016 50.84684 44.77213 44.75502 49.34385 59.8511 59.65261 59.35629 49.66011 46.80207 46.80207 47.22469 49.40965 49.40992 51.63691 51.89801 49.64659 49.40992 49.07528 39.9863 39.94135 38.32833 38.57837 36.38062 33.46301 35.22598 35.61653 35.46025 35.22598 379.5987 454.8556 397.0709 57.48862 34.84187 33.02229 30.96727 31.41294 31.41294 32.47669 52.28783 52.39048 293.879 237.4296 -9999 -9999 -9999 -9999 -9999 -9999 -9999 -9999
196.6645 179.2558 127.7397 96.88939 78.41384 86.41664 85.94621 111.7086 84.06474 65.46635 56.36207 52.21509 52.2011 52.2011 52.30205 45.84028 44.75502 45.24544 47.50749 48.14198 58.22011 56.52445 55.01036 49.30837 48.50343 50.22717 47.15569 50.28219 52.02596 55.08134 55.14334 54.9822 53.03689 41.92592 39.94135 39.94135 43.15592 39.94135 39.94135 39.36837 32.25338 33.24237 34.29781 166.3494 1063.292 1093.395 832.2482 57.56327 35.09476 31.80763 34.77823 32.17756 34.87527 37.05133 51.85502 51.09212 46.71842 51.25101 49.14473 -9999 -9999 -9999 -9999 -9999 -9999 -9999
125.7144 70.21455 82.99222 56.78711 54.41686 87.00848 119.5746 128.8866 96.81125 66.52512 66.48392 64.49699 59.43723 59.96962 63.51679 52.38539 102.4481 86.99567 53.49105 53.49105 53.42894 52.70543 52.4269 52.19287 52.19287 52.19267 52.07381 52.28111 52.96151 55.14334 55.14334 55.49978 56.82961 43.42678 39.94135 155.3827 700.3259 588.7377 39.94135 35.96342 26.59241 26.42946 31.60147 34.79674 53.92773 44.70601 34.25835 35.24974 40.50233 44.63703 45.74201 45.76807 46.03878 45.80851 37.54466 30.58495 30.37284 31.07201 30.43619 -9999 -9999 -9999 -9999 -9999 -9999 -9999
98.45 63.74969 62.64975 59.79379 57.89725 101.1197 113.9057 98.13871 129.9355 93.12425 69.00765 66.38249 65.66985 65.98403 64.69162 54.85543 83.03688 104.2778 53.49105 53.49838 55.98418 59.45967 60.82594 54.10172 52.19287 85.15997 704.231 792.472 308.6865 54.1607 53.80566 57.10426 60.63287 55.55908 51.74816 53.50885 45.01428 28.50109 31.28963 28.84024 26.42946 26.42946 26.62254 29.97328 31.05197 29.90177 31.15963 33.62238 40.56659 45.13804 44.16115 40.18736 41.38589 45.23076 39.83238 30.41654 30.37284 30.37284 -9999 -9999 -9999 -9999 -9999 -9999 -9999 -9999
69.01123 54.91347 53.54259 53.12229 73.80301 80.74415 85.86551 129.6024 591.7844 541.6163 94.56357 68.16251 64.10018 63.8912 63.8912 58.0682 47.96962 48.39167 49.99571 56.77015 60.21763 62.27855 62.27855 62.243 55.97733 61.85517 343.2271 330.3633 52.19287 52.56812 52.81931 55.855 60.61609 60.63287 60.63287 60.63287 39.57067 26.42946 26.42946 26.42946 27.15085 31.99693 33.46782 31.07361 31.68399 30.23973 29.90177 29.90177 29.90177 30.80192 27.17343 23.62078 23.49362 27.32003 31.9096 30.27467 30.37284 30.37284 -9999 -9999 -9999 -9999 -9999 -9999 -9999 -9999
74.37774 45.30948 44.142 44.14173 44.18943 56.2038 82.03156 83.46023 85.83038 96.93793 69.15459 68.73319 69.39018 73.15696 63.49086 50.83808 47.09883 45.37716 45.39827 50.37353 59.22628 63.60452 62.39041 62.27855 62.27776 60.14507 59.15648 56.48022 55.646 56.25784 58.85585 57.86736 53.52242 54.71539 59.90684 52.74675 28.77461 36.4338 37.94262 33.99401 37.86367 38.96045 38.95623 34.96216 33.58615 33.36477 31.83639 31.6005 30.35547 29.23794 23.97268 23.49362 23.49362 23.49362 23.74891 29.95798 30.37284 30.37284 -9999 -9999 -9999 -9999 -9999 -9999 -9999 -9999
73.81791 48.16941 47.92584 46.29525 44.27599 47.64413 63.94095 81.01751 121.7903 65.17979 72.75568 73.34222 80.53457 97.42464 96.82001 97.39139 82.63654 45.47091 59.82637 67.30347 67.3097 67.3097 67.01513 66.34734 66.2773 66.69353 65.93926 60.11727 58.64564 58.87658 57.61801 53.33508 92.61619 191.4428 56.97332 45.66982 39.85528 44.72042 41.87445 39.17362 38.96045 38.96045 38.19158 33.38726 33.27684 33.03488 32.94487 32.76249 26.76693 23.30433 22.502 23.18756 23.44161 29.33758 37.46986 36.86765 36.85933 39.52165 -9999 -9999 -9999 -9999 -9999 -9999 -9999 -9999
37.15428 47.23998 48.16941 48.16643 45.82246 47.12061 51.14282 95.71075 199.1932 96.10209 88.43855 90.40963 84.66599 82.05706 79.38086 73.23495 61.9931 53.7459 57.34041 61.77578 67.3097 67.11863 64.97691 65.47771 66.59851 67.99895 67.99895 66.08702 56.98675 55.42193 54.23241 52.6466 545.5547 549.5203 53.08434 46.83237 44.72239 44.72239 44.71321 42.244 38.57893 38.32936 37.50816 33.5997 33.47578 32.84389 32.84389 32.76419 24.25722 21.31962 21.31962 21.32036 22.24392 30.42579 38.02678 39.52165 39.52165 39.52165 -9999 -9999 -9999 -9999 -9999 -9999 -9999 -9999
29.81377 34.19078 47.13176 48.14852 46.37164 45.28658 45.41859 46.64488 62.70967 90.4136 90.46799 75.56209 54.12791 54.12791 54.34431 54.81657 54.82962 54.82962 54.82962 61.30663 65.31542 63.40856 61.17868 61.17868 60.53502 61.06218 61.99121 65.25426 58.26595 56.14439 56.14439 55.12423 58.19101 64.68282 48.94505 44.75201 44.72239 42.77276 40.7311 39.06444 38.1642 39.29457 41.97666 42.28921 42.33776 37.52993 31.83469 31.74284 28.41954 21.5908 21.31962 22.50481 25.95065 26.80021 27.88674 27.88683 -9999 -9999 -9999 -9999 -9999 -9999 -9999 -9999 -9999 -9999
37.02331 40.61464 44.33101 69.41644 117.6305 55.67735 45.28658 45.28658 45.36928 58.61626 68.58201 56.39601 54.12791 54.12791 65.58935 110.2986 96.01794 89.88542 90.90067 79.30532 62.94038 62.31647 61.1792 60.94646 57.8001 57.03741 57.57534 67.20235 69.93114 64.51363 57.02084 53.71021 48.34869 46.67004 46.31645 45.30959 45.24939 40.9094 54.25711 50.99169 52.83022 65.1736 54.02182 42.33998 42.33998 30.68271 21.19895 20.22444 22.23797 21.19211 23.77509 26.27045 26.80021 26.80021 26.80021 26.80021 -9999 -9999 -9999 -9999 -9999 -9999 -9999 -9999 -9999 -9999
43.79499 44.04911 51.27347 129.3371 136.1522 132.1627 133.2496 86.63718 45.33054 54.52153 58.00253 54.95598 56.84388 58.57467 111.2662 139.9328 139.9328 139.9328 131.87 77.00441 62.2426 60.77437 52.95285 53.91553 54.56319 51.52219 66.49657 70.87785 69.83935 68.52805 56.22955 46.18638 46.47454 46.67004 46.73471 47.11255 47.2564 47.2564 97.64176 108.8555 108.8555 108.8555 74.27599 28.23394 24.57262 21.28493 20.17615 20.05901 19.32382 18.57677 17.74191 24.59117 26.43907 26.28803 26.10419 26.20984 -9999 -9999 -9999 -9999 -9999 -9999 -9999 -9999 -9999 -9999
44.04911 44.04911 44.04911 69.43765 120.6967 136.1522 136.1522 136.1522 126.0798 95.43838 62.02724 60.96848 61.87358 62.92328 230.9131 282.8152 184.0809 136.3756 94.70089 57.60038 51.14815 50.46512 50.11394 50.32418 50.52139 52.105 62.98775 61.6482 52.99365 50.96751 50.1236 46.03576 45.85219 46.24282 46.93798 47.2564 47.2564 56.70704 101.5716 90.36069 43.60653 39.62568 25.43577 22.46744 22.46744 22.46483 19.31637 16.35963 14.73967 14.60946 14.60946 20.70894 25.48281 25.50689 25.48192 25.48192 -9999 -9999 -9999 -9999 -9999 -9999 -9999 -9999 -9999 -9999
57.0071 50.21648 44.04882 49.13078 118.2807 131.5067 114.6125 136.1044 136.1522 123.8632 81.76202 66.37582 66.51186 116.8126 448.8181 375.4186 140.1691 97.93503 52.7487 52.44117 51.72273 51.76672 52.41788 52.1248 52.21295 52.39106 52.39106 51.84452 50.97829 50.96751 50.96751 49.48445 45.88519 50.72842 63.04874 61.37627 60.99233 99.69802 108.8555 39.13472 22.67868 22.46744 22.44035 20.84848 19.54518 18.6579 17.98648 17.65691 14.69892 14.60946 14.60946 14.60946 18.60029 35.01659 242.3469 412.3808 -9999 -9999 -9999 -9999 -9999 -9999 -9999 -9999 -9999 -9999
66.05836 54.55647 44.03911 45.82364 94.18474 58.647 44.05876 82.00533 109.8827 94.49183 74.79893 73.17824 66.42181 61.08218 73.27354 121.2648 70.19894 55.73778 53.73912 53.73196 53.27024 52.61061 52.52465 52.51535 52.41195 52.40126 52.39741 53.25525 53.59188 52.44671 52.78202 57.127 59.74789 63.55475 66.50749 66.49757 67.05416 82.06402 68.56432 40.59211 33.02581 29.72673 21.48111 18.07234 18.07234 18.07234 18.35373 18.80708 18.08112 17.07526 15.02744 14.60946 14.97166 115.3128 413.8337 145.1287 25.48192 -9999 -9999 -9999 -9999 -9999 -9999 -9999 -9999 -9999
54.89984 44.21396 44.03889 44.23372 718.6589 612.2727 51.31385 73.73689 74.69297 71.06927 68.25614 57.94456 55.79778 55.52818 59.74723 67.40598 398.8856 346.6315 61.91615 55.55808 53.76361 60.40982 65.54688 52.67795 52.58327 52.58344 52.57385 55.8136 59.5212 59.52702 59.82706 152.2069 824.5569 194.3914 64.86691 62.89822 49.11709 48.83027 48.83027 42.42582 34.01003 31.03949 19.81573 18.07234 18.87135 18.58663 19.19971 19.53023 18.99637 18.83875 17.58686 19.22862 20.65976 25.08294 25.48192 25.48192 25.48192 25.48192 25.48192 -9999 -9999 -9999 -9999 -9999 -9999 -9999
216.9644 125.7512 89.38711 220.8969 254.1297 45.38185 68.74443 72.58952 59.50025 57.64641 57.64641 57.48016 55.94031 58.0665 62.19573 67.40598 467.9152 1033.182 443.1636 94.73567 94.02136 90.25208 84.22684 76.42033 60.27145 62.38389 61.82706 61.16734 59.53522 59.91222 60.19621 60.66172 629.08 218.674 62.51484 62.55159 60.33799 52.43529 48.83027 39.58877 34.01003 27.31891 23.69242 20.68099 24.20085 24.28742 24.28742 24.28742 23.18827 18.83893 20.6383 23.13833 23.54231 24.00697 24.44605 25.11323 25.83768 27.20566 28.42824 -9999 -9999 -9999 -9999 -9999 -9999 -9999
120.3144 124.3619 129.3291 122.0654 71.71367 72.83192 84.68745 90.8546 82.81682 80.76078 65.19062 56.37541 58.11617 65.81898 65.40133 64.42232 252.3815 976.944 428.9422 102.201 101.6881 89.19881 84.22684 80.70424 79.24362 89.35312 89.78777 74.70644 78.51929 84.6731 65.64519 70.63687 66.37538 61.73857 61.72843 63.90433 66.04435 56.10984 46.91466 41.72847 37.53799 39.20198 40.43752 36.20432 25.52869 24.28742 24.28742 24.28742 23.96438 23.27299 23.53335 23.53335 24.06305 26.07252 24.52411 28.10845 28.78492 30.66231 30.66231 -9999 -9999 -9999 -9999 -9999 -9999 -9999
83.98044 93.4965 95.60493 86.80995 77.73403 73.65524 82.90665 91.25935 91.25935 86.46259 63.09456 52.08645 52.08645 51.91348 46.40377 44.8781 45.53437 95.21903 118.2554 99.12223 88.70798 83.85957 104.6667 108.4805 81.71983 89.71438 89.78777 89.73798 98.10171 102.5949 102.9056 99.68652 103.5032 96.45585 76.73064 67.47131 67.47131 57.26342 96.80473 75.66368 100.8062 41.02624 44.93979 50.51157 46.22653 44.23641 39.25539 27.89652 26.58416 33.36622 28.69113 28.80141 29.19308 31.90969 30.81356 30.66231 30.66231 30.66231 30.66231 -9999 -9999 -9999 -9999 -9999 -9999 -9999
74.58871 74.915 71.54314 61.63538 64.49925 66.97392 70.22265 90.49126 91.25935 87.60421 53.28916 52.08645 52.08645 49.86138 45.4679 59.22782 91.25241 97.11261 99.55486 92.08584 79.87115 80.82708 152.6975 172.4755 141.7594 91.78642 91.41883 91.24586 91.85098 91.92747 100.0995 103.5032 101.2059 136.7737 89.55712 78.31689 95.33813 287.4665 340.0639 336.7595 197.4027 53.25963 53.41092 51.20482 50.21538 50.21538 50.21538 45.21061 38.9938 39.51097 35.15446 33.21879 33.21879 33.21879 32.65881 31.56445 30.6743 30.66231 30.66231 -9999 -9999 -9999 -9999 -9999 -9999 -9999
74.58871 74.13776 58.30633 51.28704 51.28704 49.96293 48.85529 48.83484 58.70966 60.03991 33.48425 37.57809 43.50977 50.55437 58.64162 65.35243 79.27459 68.20715 72.36579 78.83146 135.2677 99.77608 115.7965 139.2122 130.4951 93.78455 95.37497 97.16708 94.32036 972.652 2066.885 2070.147 2014.277 1041.798 91.78921 84.34975 120.0202 162.712 265.2336 178.6257 97.55454 60.51921 54.25296 51.92721 50.21538 50.11357 49.88135 42.87935 39.51097 39.51097 39.06268 35.02512 33.21879 35.21423 40.112 39.32396 37.69985 38.06339 39.85492 45.45693 -9999 -9999 -9999 -9999 -9999 -9999
68.93707 69.25895 58.95823 56.12747 49.81914 46.2435 45.9896 45.9896 45.9896 50.56391 54.22211 33.26812 33.26812 48.16894 64.36984 65.28909 66.79327 67.74826 69.34578 147.6011 195.0036 146.7677 77.08584 75.34631 74.40295 77.20535 101.4285 106.0728 120.1769 1436.695 2426.854 2439.567 2399.117 2167.152 1517.591 422.8277 78.6583 78.6583 78.88657 78.90958 78.72849 78.56337 76.84227 60.97023 49.32615 49.28032 49.0378 44.24097 42.24881 39.76844 39.24747 37.46512 33.21879 40.64306 55.00074 46.14418 45.50786 45.48288 43.89155 39.64109 39.03827 -9999 -9999 -9999 -9999 -9999
64.67398 64.67398 61.76527 57.80433 49.17421 47.69949 66.80132 88.71314 86.54157 91.81185 88.28633 51.65398 43.42883 49.37945 50.60378 57.1498 82.4874 84.77239 104.9069 189.9015 193.7316 160.7599 98.66077 99.52031 100.9348 101.5226 102.8972 103.6839 104.7802 438.1444 2232.258 2060.437 1499.299 121.6677 611.5765 81.23629 72.73695 75.31404 73.18562 79.5806 91.29208 103.9564 93.16138 50.12891 49.06127 49.06127 49.33572 49.97174 49.34892 50.82346 51.09917 55.51215 48.24502 52.68819 52.59077 47.79451 42.48189 41.63593 39.74482 39.03827 39.03827 39.03827 -9999 -9999 -9999 -9999
