polds95g.asc
ncols         288
nrows         192
xllcorner     13
yllcorner     48
cellsize      0.0416666666667
NODATA_value  -9999
[rows 58 to 86 of 192, columns 0 to 65 of 288]
-9999 -9999 -9999 -9999 -9999 -9999 -9999 -9999 -9999 -9999 -9999 -9999 -9999 -9999 -9999 -9999 -9999 -9999 -9999 -9999 -9999 -9999 -9999 -9999 -9999 -9999 -9999 -9999 -9999 -9999 -9999 66.84703 112.0925 154.5649 167.2202 167.3628 167.3628 167.3628 126.14 73.13593 70.71408 70.71408 70.71408 70.71408 70.71408 70.71408 70.66584 47.16446 36.67309 33.72706 35.64658 38.18391 38.85785 39.04985 39.08182 39.08182 36.57399 30.60711 29.26196 29.26196 29.26196 29.26196 29.26196 40.09333 48.70219 52.17627
-9999 -9999 -9999 -9999 -9999 -9999 -9999 -9999 -9999 -9999 -9999 -9999 -9999 -9999 -9999 -9999 -9999 -9999 -9999 -9999 -9999 -9999 -9999 -9999 -9999 -9999 -9999 -9999 -9999 -9999 -9999 56.41425 56.41482 56.43008 137.4899 167.3628 167.3628 483.9714 1175.96 1058.173 601.4532 70.71408 70.71408 70.71408 70.71408 70.71408 62.19783 51.06706 37.97412 37.97412 37.97412 37.97412 37.97412 38.54438 38.88161 38.9965 38.82416 36.42582 30.92949 29.26196 29.26196 29.25547 28.577 29.25918 30.81523 46.72918
-9999 -9999 -9999 -9999 -9999 -9999 -9999 -9999 -9999 -9999 -9999 -9999 -9999 -9999 -9999 -9999 -9999 -9999 -9999 -9999 -9999 -9999 -9999 -9999 -9999 -9999 -9999 -9999 -9999 -9999 -9999 -9999 56.41425 56.41425 198.7823 1159.578 1262.54 1337.359 1395.786 1395.786 1097.101 74.52087 70.71408 70.71408 70.71408 69.17384 40.00108 37.90434 37.76476 37.16286 36.22022 36.36965 34.34881 34.22064 38.42028 38.76811 38.76811 38.76811 36.79851 27.67435 27.02085 24.73295 23.73514 26.16935 33.15976 48.65973
-9999 -9999 -9999 -9999 -9999 -9999 -9999 -9999 -9999 -9999 -9999 -9999 -9999 -9999 -9999 -9999 -9999 -9999 -9999 -9999 -9999 -9999 -9999 -9999 -9999 -9999 -9999 -9999 -9999 -9999 -9999 -9999 56.41425 56.39754 64.5222 963.5966 1395.786 1395.786 1395.786 1395.786 1328.402 552.095 121.2015 58.19724 51.77015 42.41806 36.52088 34.04071 33.41494 32.79138 32.79138 32.79138 32.66727 33.19513 34.67734 38.4159 38.74927 38.76811 31.19687 23.67654 23.67449 23.67449 22.1563 25.57906 36.72263 44.11509
-9999 -9999 -9999 -9999 -9999 -9999 -9999 -9999 -9999 -9999 -9999 -9999 -9999 -9999 -9999 -9999 -9999 -9999 -9999 -9999 -9999 -9999 -9999 -9999 -9999 -9999 -9999 -9999 -9999 -9999 -9999 -9999 56.41425 51.7326 51.15793 436.736 1058.227 1387.344 1395.786 1395.786 1395.786 1112.495 680.3165 23.68914 23.68914 25.68596 31.62964 34.04044 34.02588 33.87929 33.31786 32.46687 31.98459 31.43684 31.42651 32.28541 37.13927 39.5864 36.4251 28.96923 24.2342 25.20815 18.61577 15.73367 15.73367 15.9566
-9999 -9999 -9999 -9999 -9999 -9999 -9999 -9999 -9999 -9999 -9999 -9999 -9999 -9999 -9999 -9999 -9999 -9999 -9999 -9999 -9999 -9999 -9999 -9999 -9999 -9999 -9999 -9999 -9999 -9999 -9999 -9999 -9999 51.15793 51.15793 51.15793 121.4604 862.3262 834.8511 415.9891 613.1549 1022.218 544.3558 73.33598 23.68914 24.85228 29.55774 304.7313 969.1456 755.3388 40.68344 33.71544 33.58246 33.17393 33.34142 31.56895 37.43709 39.61311 39.61311 39.59547 39.28328 37.65662 18.69844 15.73367 15.73367 15.73367
-9999 -9999 -9999 -9999 -9999 -9999 -9999 -9999 -9999 -9999 -9999 -9999 -9999 -9999 -9999 -9999 -9999 -9999 -9999 -9999 -9999 -9999 -9999 -9999 -9999 -9999 -9999 -9999 -9999 -9999 -9999 -9999 -9999 51.15793 51.34074 88.50484 140.0722 281.4956 80.9344 30.24599 26.67797 44.78888 119.1386 99.58561 25.34646 31.52217 62.00545 643.3422 1105.951 722.25 34.04044 34.04044 34.04475 34.19427 34.2141 33.29767 35.04665 36.08238 38.68549 35.8195 32.37345 31.25074 24.99872 16.11265 15.90044 16.82776
-9999 -9999 -9999 -9999 -9999 -9999 -9999 -9999 -9999 -9999 -9999 -9999 -9999 -9999 -9999 -9999 -9999 -9999 -9999 -9999 -9999 -9999 -9999 -9999 -9999 -9999 -9999 -9999 -9999 -9999 -9999 -9999 -9999 -9999 78.21414 122.2899 127.4578 127.4578 127.3066 108.1717 42.80802 28.84632 27.1682 26.67797 28.43554 34.17089 319.3638 972.0509 58.59182 34.36086 34.12315 34.14437 34.18277 34.25923 34.81729 37.91853 35.33632 34.39406 34.44778 32.71305 31.24436 31.24436 31.22041 29.53304 18.9926 18.09334
-9999 -9999 -9999 -9999 -9999 -9999 -9999 -9999 -9999 -9999 -9999 -9999 -9999 -9999 -9999 -9999 -9999 -9999 -9999 -9999 -9999 -9999 -9999 -9999 -9999 -9999 -9999 -9999 -9999 -9999 -9999 -9999 -9999 26.96272 52.40597 112.4975 127.4578 127.4578 127.4578 127.4397 82.38786 33.95468 35.30421 68.21322 92.05082 59.82575 43.24458 41.4865 41.00031 38.12751 34.1831 34.1831 34.1831 34.1831 70.3371 92.48801 92.05931 89.76267 75.09587 37.29398 31.24436 32.16497 35.1054 31.24436 26.9211 18.09334
-9999 -9999 -9999 -9999 -9999 -9999 -9999 -9999 -9999 -9999 -9999 -9999 -9999 -9999 -9999 -9999 -9999 -9999 -9999 -9999 -9999 -9999 -9999 -9999 -9999 -9999 -9999 -9999 -9999 -9999 -9999 -9999 26.96272 26.96272 56.90065 83.36495 116.7174 99.17789 99.69656 127.1183 85.96106 31.47395 32.05977 85.36993 99.82558 99.82558 98.96891 61.18278 41.33273 34.79953 34.26345 34.25131 34.20348 34.1831 40.55347 39.81675 68.25495 92.48801 92.48801 89.10285 68.65853 76.86164 73.43718 23.68412 19.97478 18.09334
-9999 -9999 -9999 -9999 -9999 -9999 -9999 -9999 -9999 -9999 -9999 -9999 -9999 -9999 -9999 -9999 -9999 -9999 -9999 -9999 -9999 -9999 -9999 -9999 -9999 -9999 -9999 -9999 -9999 -9999 -9999 -9999 26.96272 26.96272 26.96272 26.96272 47.19294 42.22763 36.3373 49.15155 32.02995 29.72484 28.1509 53.00962 89.73763 99.82558 99.82558 99.82558 88.13152 34.48619 34.48619 34.46296 34.33301 34.18407 34.1831 37.30582 89.10117 92.48802 92.48802 92.42459 85.77096 90.87246 81.21437 69.62187 18.71899 18.11464
-9999 -9999 -9999 -9999 -9999 -9999 -9999 -9999 -9999 -9999 -9999 -9999 -9999 -9999 -9999 -9999 -9999 -9999 -9999 -9999 -9999 -9999 -9999 -9999 -9999 -9999 -9999 -9999 -9999 -9999 -9999 -9999 26.96272 26.96272 26.96272 26.96272 27.1925 28.89508 32.07499 32.07499 32.07499 30.76408 26.24823 26.24823 69.75697 99.82558 99.64351 88.0284 55.26657 34.48619 34.48619 34.48619 34.53501 35.64922 37.53923 40.56448 55.33903 74.36434 40.27647 37.10303 29.30453 29.69493 22.1537 20.52682 20.22639 20.20011
-9999 -9999 -9999 -9999 -9999 -9999 -9999 -9999 -9999 -9999 -9999 -9999 -9999 -9999 -9999 -9999 -9999 -9999 -9999 -9999 -9999 -9999 -9999 -9999 -9999 -9999 -9999 -9999 -9999 -9999 -9999 42.48257 34.50833 27.81137 31.96943 28.11131 26.96272 31.84123 32.96989 32.07499 32.07499 31.2724 26.4056 28.88699 68.87582 85.59624 77.20714 66.88583 57.90699 52.15849 34.48619 40.71249 70.88847 45.5393 40.58617 40.58617 40.58617 37.23543 29.72028 29.20345 29.20345 27.09221 20.40483 20.37771 20.37771 20.37771
-9999 -9999 -9999 -9999 -9999 -9999 -9999 -9999 -9999 -9999 -9999 -9999 -9999 -9999 -9999 -9999 -9999 -9999 -9999 -9999 -9999 -9999 -9999 -9999 -9999 -9999 -9999 -9999 -9999 42.48257 42.48257 42.48257 42.35812 41.07579 42.48257 42.02376 36.35785 41.08682 36.5718 32.08461 34.84159 56.84653 51.61966 49.77356 67.48978 67.50417 66.8101 66.7991 67.76163 78.62662 75.46774 73.67077 79.70387 73.82173 52.74137 40.58617 40.58617 40.58617 35.7923 29.20412 31.51132 27.58442 20.37771 20.37771 20.37771 20.37771
-9999 -9999 -9999 -9999 -9999 -9999 -9999 -9999 -9999 -9999 -9999 -9999 -9999 -9999 -9999 -9999 -9999 -9999 -9999 -9999 -9999 -9999 -9999 -9999 -9999 -9999 -9999 24.83874 24.83874 33.0547 40.91579 42.48257 42.48257 42.48257 42.48257 42.48257 42.3247 40.84149 35.80581 34.46601 37.16491 66.47869 67.72954 67.72954 67.72954 67.65015 67.38844 67.25691 68.11036 70.19246 63.52713 79.70387 79.70387 79.70387 76.39321 41.20263 40.58617 44.85545 50.17146 51.74931 55.40803 50.5247 35.4201 20.31252 20.27602 20.29107
-9999 -9999 -9999 -9999 -9999 -9999 -9999 -9999 -9999 -9999 -9999 -9999 -9999 -9999 -9999 -9999 -9999 -9999 -9999 -9999 -9999 -9999 -9999 -9999 -9999 -9999 -9999 24.83874 24.83874 24.83874 26.99026 41.26431 42.48257 42.48257 42.48257 42.48257 39.84066 36.08498 35.01562 35.01562 37.44547 49.87529 65.69448 67.72955 67.72955 67.72955 65.75703 35.81091 32.86876 23.76941 48.87835 75.65671 79.70387 79.70387 77.33729 55.93915 50.43107 55.31394 55.41859 55.41859 55.41859 55.41859 54.74652 32.33397 20.26571 20.26465
-9999 -9999 -9999 -9999 -9999 -9999 -9999 -9999 -9999 -9999 -9999 -9999 -9999 -9999 -9999 -9999 -9999 -9999 -9999 -9999 -9999 -9999 -9999 -9999 -9999 -9999 -9999 24.83874 24.83874 24.83874 24.84883 34.32125 38.66809 37.78173 37.64772 38.23866 42.27534 36.8399 35.01562 35.26049 53.96989 67.72954 67.70507 67.72606 67.72954 66.73602 64.39812 44.89483 23.38277 23.38277 23.76247 44.02734 75.71861 79.48488 69.24516 47.37759 32.97758 46.24192 51.40516 55.41859 55.41859 55.41859 55.41859 55.72337 45.54222 34.19032
-9999 -9999 -9999 -9999 -9999 -9999 -9999 -9999 -9999 -9999 -9999 -9999 -9999 -9999 -9999 -9999 -9999 -9999 -9999 -9999 -9999 -9999 -9999 -9999 -9999 -9999 24.83874 24.83874 24.83874 24.83874 25.17323 31.40394 35.09833 35.09833 35.09833 34.36957 37.09769 34.72338 34.0572 43.08138 65.86107 67.47543 67.40989 67.50314 65.65638 51.79348 33.90341 30.34793 28.04302 25.04959 22.87388 21.86131 26.78333 24.94798 19.52706 19.52706 19.52706 19.60278 37.68297 55.41859 55.27418 51.54056 53.49931 60.64193 60.70288 57.70995
-9999 -9999 -9999 -9999 -9999 -9999 -9999 -9999 -9999 -9999 -9999 -9999 -9999 -9999 -9999 -9999 -9999 -9999 -9999 -9999 -9999 -9999 -9999 -9999 -9999 -9999 -9999 24.83874 24.83874 24.83874 28.79641 32.0849 33.28671 34.22759 34.33378 33.54509 32.12795 32.12795 38.95256 61.49559 67.40017 67.40017 67.40017 67.40017 51.48766 32.53844 32.52341 32.52341 32.52341 31.21474 22.12112 19.52706 19.52706 19.52706 19.52706 19.52706 26.14259 33.93787 47.83412 50.45892 44.71793 42.86349 43.003 50.61274 58.03181 54.4521
-9999 -9999 -9999 -9999 -9999 -9999 -9999 -9999 -9999 -9999 -9999 -9999 -9999 -9999 -9999 -9999 -9999 -9999 -9999 -9999 -9999 -9999 -9999 -9999 -9999 -9999 -9999 -9999 -9999 -9999 32.05943 32.12795 32.12795 32.12795 32.12795 32.12795 32.12795 31.44 40.25923 65.35764 67.40017 67.40017 67.40017 58.37984 40.9237 40.88501 33.5237 32.88977 32.52341 33.98921 32.15654 108.4386 238.5636 843.5286 648.5933 32.48223 43.77053 44.75867 44.38683 43.18377 43.37183 43.57914 43.53653 43.88009 44.80027 44.42025
-9999 -9999 -9999 -9999 -9999 -9999 -9999 -9999 -9999 -9999 -9999 -9999 -9999 -9999 -9999 -9999 -9999 -9999 -9999 -9999 -9999 -9999 -9999 -9999 -9999 -9999 -9999 -9999 -9999 -9999 -9999 -9999 32.12795 32.12795 32.12795 31.53814 27.46546 24.78053 30.94346 61.78745 67.40017 67.40017 67.40017 49.53196 46.75937 46.70752 46.18825 45.20643 44.78492 50.94022 52.86964 1262.382 1447.417 1642.736 1466.545 293.0941 41.1731 40.46928 44.37749 44.75867 44.75867 44.75836 44.5519 44.42025 44.42804 44.57414
-9999 -9999 -9999 -9999 -9999 -9999 -9999 -9999 -9999 -9999 -9999 -9999 -9999 -9999 -9999 -9999 -9999 -9999 -9999 -9999 -9999 -9999 -9999 -9999 -9999 -9999 -9999 -9999 -9999 -9999 -9999 -9999 -9999 32.12795 30.27352 24.50932 24.30365 24.30365 29.91278 49.92073 66.25134 67.40018 61.3101 46.79013 46.7598 46.7598 46.7598 46.7598 51.37902 55.9199 55.9932 58.44229 166.0933 756.2398 823.5881 198.3948 37.03902 42.14786 45.88287 45.85284 45.73684 45.8158 46.13136 45.91375 46.09346 46.20489
-9999 -9999 -9999 -9999 -9999 -9999 -9999 -9999 -9999 -9999 -9999 -9999 -9999 -9999 -9999 -9999 -9999 -9999 -9999 -9999 -9999 -9999 -9999 -9999 -9999 -9999 -9999 -9999 -9999 -9999 -9999 -9999 -9999 -9999 -9999 24.30365 24.30365 24.30365 167.2702 302.644 65.83878 60.58063 46.76627 46.7598 46.7598 46.7598 46.69097 41.81387 39.18169 52.46851 55.25183 39.76524 33.54561 37.03902 37.03902 37.03902 37.59956 44.00445 46.20489 46.20489 46.20489 46.20489 46.20489 45.99829 45.28196 43.78238
-9999 -9999 -9999 -9999 -9999 -9999 -9999 -9999 -9999 -9999 -9999 -9999 -9999 -9999 -9999 -9999 -9999 -9999 -9999 -9999 -9999 -9999 -9999 -9999 -9999 -9999 -9999 -9999 -9999 -9999 -9999 -9999 -9999 -9999 -9999 -9999 -9999 24.30365 321.5352 422.3455 239.7871 51.13725 38.59237 35.76011 31.87068 32.63444 28.33088 23.09832 22.94842 25.22014 26.87056 22.94842 23.93942 35.50729 35.23814 34.44014 34.13496 35.72942 42.08705 46.20489 46.20432 38.17589 35.36195 34.55747 33.96305 33.91317
-9999 -9999 -9999 -9999 -9999 -9999 -9999 -9999 -9999 -9999 -9999 -9999 -9999 -9999 -9999 -9999 -9999 -9999 -9999 -9999 -9999 -9999 -9999 -9999 -9999 -9999 -9999 -9999 -9999 -9999 -9999 -9999 -9999 -9999 -9999 -9999 -9999 -9999 57.58133 85.202 29.21614 29.26598 29.27029 29.28694 29.28766 29.28766 28.62223 23.12945 22.94842 22.94842 22.94842 23.02622 23.33177 23.34808 23.34933 21.6173 20.51795 20.51795 20.7396 29.98499 33.97162 32.71605 33.91317 33.91317 33.91317 33.78277
-9999 -9999 -9999 -9999 -9999 -9999 -9999 -9999 -9999 -9999 -9999 -9999 -9999 -9999 -9999 -9999 -9999 -9999 -9999 -9999 -9999 -9999 -9999 -9999 -9999 -9999 -9999 -9999 -9999 -9999 -9999 -9999 -9999 -9999 -9999 -9999 -9999 -9999 29.00086 29.00086 29.00086 29.00086 29.00086 29.37242 30.02157 30.38046 29.79124 31.00708 38.72005 39.69634 40.74699 34.59617 23.34933 23.34933 22.387 20.51874 20.51795 20.51795 20.51795 21.40181 21.36337 59.20106 75.15509 47.44773 27.80277 26.74646
-9999 -9999 -9999 -9999 -9999 -9999 -9999 -9999 -9999 -9999 -9999 -9999 -9999 -9999 -9999 -9999 -9999 -9999 -9999 -9999 -9999 -9999 -9999 -9999 -9999 -9999 -9999 -9999 -9999 -9999 -9999 -9999 -9999 -9999 -9999 -9999 -9999 -9999 35.51951 29.00086 29.00086 29.02941 30.19234 31.2974 31.5352 31.5352 31.5352 39.32305 52.50583 52.50583 52.50583 51.98493 28.74716 23.61342 22.77155 21.20615 20.51795 20.62742 34.28201 80.90672 81.83817 82.99268 82.99268 79.97147 38.59453 23.52779
-9999 -9999 -9999 -9999 -9999 -9999 -9999 -9999 -9999 -9999 -9999 -9999 -9999 -9999 -9999 -9999 -9999 -9999 -9999 -9999 -9999 -9999 -9999 -9999 -9999 -9999 -9999 -9999 -9999 -9999 -9999 -9999 -9999 -9999 -9999 -9999 -9999 107.2324 103.3102 79.41695 60.35248 41.16042 46.91198 38.00895 35.15814 31.5352 31.5352 31.5927 37.09741 52.40651 52.50583 52.50583 48.63322 47.66605 48.85197 47.62047 23.9986 31.97833 82.40592 82.99268 82.99268 82.99268 82.99268 79.6683 43.18774 27.3356
-9999 -9999 -9999 -9999 -9999 -9999 -9999 -9999 -9999 -9999 -9999 -9999 -9999 -9999 -9999 -9999 -9999 -9999 -9999 -9999 -9999 -9999 -9999 -9999 -9999 -9999 -9999 -9999 -9999 -9999 -9999 -9999 -9999 -9999 -9999 -9999 107.2324 107.2324 107.2324 107.2324 81.46812 53.10212 53.10212 53.10212 47.95069 31.5352 23.51292 24.23888 31.15085 41.2047 40.37129 52.50583 52.50583 52.50583 52.35332 52.22104 51.16728 51.92125 70.69842 82.99268 82.99268 82.99268 82.99268 82.99268 78.30328 64.50826
