data/polds00g.asc
ncols         288
nrows         192
xllcorner     13
yllcorner     48
cellsize      0.0416666666667
NODATA_value  -9999
[rows 87 to 115 of 192, columns 132 to 197 of 288]
77.85165 77.85165 73.65706 62.46947 62.14961 62.084 61.27892 63.97008 60.40972 59.05342 58.31952 57.45587 55.8014 54.88532 53.32076 55.50681 56.38473 52.28284 50.92034 49.61416 46.70781 46.52277 46.5787 46.206 45.13119 44.78947 44.78947 44.78947 52.77127 67.10876 74.0379 73.1195 71.34232 67.38084 54.56038 52.15413 51.73275 51.73421 51.4739 48.77301 48.74348 45.8882 36.95137 34.99839 34.99839 34.90723 32.5242 32.21615 32.21615 32.21615 50.00439 61.42257 66.94706 76.40147 79.61765 216.9283 457.14 421.7615 455.2268 458.0857 422.6221 453.5197 400.2625 521.6595 652.7079 809.4141
75.55579 72.33572 67.75955 63.72148 62.50112 62.14961 75.93883 108.4235 97.06819 90.61848 79.24871 56.09008 54.72635 49.29121 48.83518 59.21389 59.92128 58.72127 52.14809 51.26435 49.91895 49.71888 49.71888 49.44845 45.42491 44.78949 44.88416 46.12416 47.30128 47.43626 50.02478 71.09074 71.46996 65.64847 63.71998 53.31961 51.73421 51.73421 50.74387 48.79974 48.74348 48.74348 38.28201 34.99839 35.26846 41.64288 39.54404 32.79282 36.95269 54.4962 62.6107 62.56934 105.6307 146.3848 163.8166 174.1692 213.8617 2904.185 2821.163 902.322 1136.526 2198.786 1127.967 555.5579 475.7092 583.0089
67.79866 65.65997 65.65997 67.08569 67.96284 67.13948 72.55007 103.0472 108.4495 108.4495 97.53056 48.97736 48.87099 48.84733 71.3558 86.81419 85.59554 72.83755 70.75391 99.62878 86.49078 59.96146 53.33711 45.01976 44.78979 45.10152 102.8236 74.28141 99.27383 95.10457 49.82317 57.12104 59.07985 52.34517 52.16562 51.57559 51.35748 51.00128 50.46217 51.17517 58.98852 128.5607 612.2869 150.0418 49.34324 45.84439 45.33412 45.84098 57.21863 63.40847 64.59766 63.43259 66.11496 135.7926 159.0671 160.6296 298.3786 3965.251 4567.052 6485.153 6810.684 5859.501 4056.943 1178.865 565.1411 313.2052
69.80721 66.9019 456.8997 124.4166 75.8262 74.17718 75.84231 75.92418 90.81828 92.67491 101.3422 81.40283 48.25621 52.12526 94.4421 101.0911 101.0911 100.3356 82.47614 588.2983 1293.202 1026.7 574.7148 46.80243 52.07735 99.51062 154.7783 170.6068 186.7957 175.3341 74.45735 52.03767 49.85441 49.07554 49.36296 51.14434 51.23275 50.96652 50.49782 56.61089 122.3528 1031.264 905.5159 92.92658 82.3029 101.7782 92.95501 121.9755 166.0526 146.3617 164.4777 181.9028 242.5772 236.4451 253.1938 242.9212 329.3528 3221.557 6689.008 7416.253 7416.253 7416.253 5439.039 1137.211 751.0576 627.2956
62.84186 63.54374 415.2366 977.6365 116.1373 73.40288 75.90907 62.6464 61.42514 61.39604 52.58556 47.34738 44.24501 48.44296 65.49545 63.54236 69.0426 68.98556 68.76979 68.82383 79.21544 270.9677 198.2516 48.78899 51.58201 52.40966 52.40966 56.62794 93.55859 61.05049 51.94754 51.94754 49.45932 48.26994 47.01626 48.7281 51.23824 51.1176 60.35411 61.63932 224.4256 288.2422 89.26817 105.9451 123.0794 111.3849 91.8902 116.695 133.3529 227.9406 228.1141 241.1377 272.3251 279.3067 1256.043 1971.141 2976.089 2426.04 1797.845 4463.725 7333.871 6057.772 2385.956 732.5387 753.579 695.1479
68.58342 61.82315 62.60756 62.40181 60.683 58.23085 59.63828 59.17126 59.11366 58.05799 44.38995 44.24501 44.24501 44.56231 53.08674 55.94081 55.69497 60.52776 62.53283 62.62027 64.38612 48.89489 48.8291 49.03529 50.3376 52.40966 52.40966 50.50449 46.49767 49.70909 51.94754 51.94754 53.26475 57.91541 209.8463 82.05966 53.59669 73.44044 71.74107 51.23143 64.60091 66.89883 72.41818 81.3358 104.2309 99.94872 64.4642 64.46873 198.0215 275.6261 300.9125 569.7484 480.7087 293.9193 607.0849 1105.8 417.7397 409.2498 554.8725 1552.908 2722.91 1830.121 362.6071 426.6656 651.4696 646.1888
67.54376 56.62906 56.8944 56.82371 55.53196 53.96626 53.96626 53.96626 53.70747 53.95348 49.18266 44.24501 44.31345 47.82023 53.98266 59.1153 57.98277 59.37737 59.83232 57.81114 54.33892 50.87287 50.98054 51.37137 48.44209 40.21232 41.20175 39.63934 39.30747 43.02538 52.92417 55.20591 56.29783 262.0894 1268.561 463.763 86.84954 93.18399 80.20346 37.44426 40.22488 42.6284 55.82359 62.21548 62.21548 62.21548 72.50083 92.42011 166.2147 261.2547 316.3076 386.1392 594.3513 309.0861 251.5439 136.0038 255.1329 333.5297 217.572 637.6965 1407.967 1465.681 646.4845 308.1486 377.5371 700.6185
64.77658 62.69469 57.39913 56.29099 53.88266 57.70427 57.94415 57.66175 50.15492 48.17188 47.76236 47.36983 48.20656 59.26509 59.26519 59.26519 940.0195 300.3579 53.66459 53.62045 53.62045 52.9722 51.37906 51.37137 49.67742 39.55585 39.30747 39.30747 39.30747 40.05639 51.37645 56.38222 56.43253 94.51513 310.4149 57.96043 90.35293 93.28916 77.71305 38.04063 37.44426 39.55513 59.50096 62.21548 62.21548 162.3278 2348.483 672.5228 156.8601 165.0797 268.9421 220.0322 185.4783 156.1352 111.6228 123.986 146.2222 216.6375 251.3655 285.5587 336.8509 343.1229 290.0514 304.9221 295.9568 194.2863
1171.222 195.2709 47.28845 38.03746 37.35962 52.51208 60.61235 60.61235 59.09866 49.15071 46.86808 46.65005 48.16403 55.79583 56.70744 57.82389 137.5678 64.40854 65.85117 61.24409 62.55593 51.9641 51.47705 51.46515 51.23127 48.1751 46.32433 44.87527 45.28593 49.25483 56.33672 56.33672 56.38306 65.15018 65.53059 66.17184 77.64765 82.00115 62.90538 43.37187 43.49086 54.67304 57.20478 60.94781 60.39532 59.13525 341.1334 124.375 61.3198 57.51547 65.17161 64.66063 53.07033 56.85202 99.7216 104.3212 124.0868 312.1736 347.2086 347.0002 323.2279 297.2516 259.4869 176.0552 168.5177 181.795
137.4403 49.02093 37.29939 37.29939 37.29939 50.60926 60.61235 60.61235 54.07082 46.04348 45.28981 45.28981 45.28981 45.28981 45.28431 51.17158 57.29522 62.20581 604.3666 258.0579 69.0499 62.88263 52.06836 52.03154 53.46037 59.55714 58.86146 52.2823 303.701 468.7332 118.6549 53.14083 63.70959 66.65296 69.20409 73.45708 72.64632 66.60036 238.432 1023.397 647.5856 291.036 53.34935 57.34684 57.35471 57.35471 63.44992 72.06239 70.82421 66.88625 60.65035 53.07033 59.23166 72.81591 84.281 86.38712 86.43515 105.564 134.9895 108.7849 109.1181 84.9855 155.5662 163.7261 162.4507 167.166
57.27001 54.10782 46.2799 45.23576 43.98582 46.53705 60.7075 70.03046 72.82903 73.61982 65.53851 54.1828 48.09013 39.09987 34.82618 45.96893 53.54322 53.61018 321.6765 609.9434 76.05624 54.36494 52.0561 52.04499 59.21105 74.83407 74.83407 74.83407 132.3392 334.9138 77.18698 47.78973 60.80777 68.14938 76.0713 75.0807 70.59337 74.3182 305.5256 1005.376 450.6252 44.64014 46.67786 51.35125 54.27208 49.33957 49.50068 70.0636 76.25124 76.25124 74.9666 58.34938 50.22282 56.96145 53.33163 62.28545 119.8041 117.9047 112.7019 83.61572 78.65706 76.98853 112.4577 125.484 151.7101 158.6497
56.55464 53.95267 47.74551 47.74493 47.74493 44.78826 60.78999 73.92178 73.92178 73.92178 73.92178 73.92178 69.68462 34.21544 34.01043 36.49141 65.69727 65.40637 52.72247 52.16766 226.3085 346.4641 265.5599 52.04499 61.8026 74.83407 74.83407 74.83407 66.19186 47.74669 47.49052 47.49052 53.41522 77.55374 75.23567 78.25916 64.79622 63.87553 52.19432 48.68966 38.87515 33.46636 33.46636 34.70899 38.11753 38.45337 38.45337 46.19682 67.28857 73.18588 76.25124 62.56625 43.58303 43.58303 56.36696 151.2205 190.9451 190.9451 188.6482 86.82537 67.374 67.374 67.374 67.374 79.31324 115.1544
54.78947 53.96313 48.58751 47.74757 43.86592 32.05687 45.26299 52.86047 58.02901 68.45305 73.92178 73.92178 68.44614 40.68359 34.01043 100.6174 220.4436 214.3246 169.787 176.5452 1195.929 1421.097 1261.466 1418.541 1172.707 489.0179 65.37026 61.45465 53.13748 47.757 47.71429 54.22187 71.63181 72.95662 68.71803 66.13342 65.35809 59.6707 56.18263 47.39603 36.15189 41.21553 40.91815 40.1366 54.94176 54.24897 49.82216 55.00441 58.50447 60.13251 70.30615 59.81063 54.68538 56.3316 80.01035 106.7001 165.3171 190.3232 161.3441 146.5654 77.86639 62.09432 75.02864 78.47588 94.43043 99.34679
47.59845 47.59845 53.06865 54.02456 37.87143 31.45713 31.90309 37.32193 39.37225 44.15283 49.08642 53.70132 51.03257 46.84576 45.70728 84.00613 160.9079 205.3053 221.1961 330.5178 2214.888 2556.002 2677.811 2715.654 2715.654 1639.641 1259.188 50.16214 48.25864 412.8671 375.939 55.01159 75.3909 73.95314 61.59772 59.50823 57.94822 56.68646 56.57304 54.4259 53.55254 53.0326 53.0326 53.21493 58.40931 59.52375 59.52375 59.52375 59.52375 59.93058 61.52508 62.15051 62.15051 62.73957 64.78963 65.0527 75.0807 87.7879 50.04872 49.82815 49.82815 60.8928 95.55819 99.34679 99.34679 97.37595
47.59845 49.1861 54.57154 51.42509 31.53099 31.62847 34.78515 37.08744 39.37225 39.87441 39.60717 41.32471 44.88363 43.42393 45.46381 47.88145 49.65794 53.49904 338.2537 487.6542 1821.045 2715.653 2715.654 2715.654 2715.654 2715.654 2342.828 154.8401 50.28592 180.4758 139.9616 99.9927 119.9488 112.8326 75.75285 57.93755 48.99779 53.23788 56.67931 56.18026 53.81937 521.851 680.8722 76.08179 46.43186 48.79026 52.41327 57.35948 57.78981 59.51572 61.90149 62.15051 62.15051 62.87642 65.56314 57.2841 55.78239 57.64075 50.85489 49.82815 64.45327 85.45956 99.34679 86.35789 69.31594 35.7752
54.67814 54.61157 54.68524 53.9405 50.31981 49.77018 53.91315 49.62628 44.60178 50.46875 50.02572 50.05621 50.57174 44.6485 38.96809 39.17325 47.09406 50.57042 88.64336 276.8337 1809.597 2715.654 2715.654 2715.654 2715.654 2715.654 2668.26 607.1159 245.5367 143.9206 142.9202 143.9206 143.9206 136.5707 113.6281 78.01412 38.99796 39.12257 43.86692 50.16214 51.66431 169.6806 143.5356 47.45462 45.75085 42.97284 43.05706 49.08752 49.08752 50.04172 50.61994 57.4533 65.94799 67.54515 67.0228 51.39067 49.57082 49.47963 49.43571 55.82322 90.85161 99.34679 75.2439 37.65708 30.85537 29.88625
73.31665 56.00154 54.68524 54.64912 54.57506 54.55403 54.64758 60.30214 68.43298 64.02207 53.62289 50.68464 50.87068 100.122 111.3415 38.39315 42.98923 59.33278 62.0066 250.5104 1419.71 1390.897 1498.735 950.569 1034.94 593.3039 505.2648 168.2227 98.46831 111.9971 74.93221 78.69223 99.87498 143.0512 107.5736 61.5661 47.77329 39.20592 40.15551 41.67138 41.82666 41.49311 43.02598 46.43431 46.43431 47.45505 50.96487 54.29869 51.68288 49.10984 49.14256 56.67505 68.62901 68.62901 64.64761 50.9878 49.43003 49.42598 49.42475 56.99347 93.96854 60.15819 38.33158 36.98433 31.1573 29.9005
70.80925 58.52104 56.69614 54.59045 52.71582 52.65499 99.95517 217.5269 85.92323 97.38998 141.5712 89.53671 154.9799 191.7065 201.705 156.4907 72.94085 66.15679 171.8154 824.0875 1377.708 1470.194 549.4735 120.7276 113.0754 112.9544 84.16772 72.73421 70.11115 70.10509 67.29149 67.33492 74.52467 88.24249 82.19549 73.51017 62.55078 58.82113 53.27344 42.3471 41.4931 42.36814 46.09386 46.7741 46.6559 52.286 58.90641 59.00637 59.00637 58.55274 57.49981 66.08172 68.62901 68.62901 65.58924 49.5855 38.46397 48.72145 110.3969 120.0704 129.9585 44.85603 38.18769 38.18769 38.14529 39.71587
68.67712 57.86458 57.86458 140.7055 636.8326 642.8177 711.8613 500.6858 60.76854 200.8586 1491.454 844.6385 131.1285 202.5745 202.6067 202.6067 186.3517 76.01575 65.93911 56.36452 49.24989 51.86151 60.99667 84.80321 89.4091 89.4091 81.85856 61.36377 60.42869 64.20803 65.9771 67.62246 78.94321 84.35874 82.26424 65.81982 59.62623 59.62623 59.12571 51.14561 41.78521 43.99457 46.94552 46.9302 46.88197 44.37998 45.90412 51.38021 53.97553 58.47744 59.00637 51.00138 41.3319 30.49885 29.69049 28.73425 35.77737 66.16771 131.1646 117.1457 84.54903 43.20038 41.51444 42.29668 45.62573 43.22411
59.38022 56.84002 57.80481 90.25057 221.3339 438.5107 95.05259 63.24612 73.37351 126.0975 296.2527 440.8249 370.0546 108.4892 163.4336 136.1175 108.6622 123.8246 84.78819 38.79218 38.79218 38.79218 39.41327 76.86902 89.40909 89.40909 80.31954 77.26237 70.68338 82.41572 73.29932 64.11604 62.07675 78.76148 77.30725 258.7933 704.9305 182.5766 59.61806 41.64672 41.22765 44.78748 42.56853 33.18185 27.75238 25.82486 28.68498 45.01464 53.10726 52.07495 45.55796 44.14148 40.0896 31.27028 39.41771 44.49879 47.22975 48.57656 59.52392 56.42492 54.92268 60.69362 87.07678 89.94929 87.98193 75.14007
47.6552 51.56572 51.62852 52.14993 52.05541 52.57232 52.48792 52.24677 54.39272 59.18647 58.91766 57.895 57.74727 57.70713 54.77368 53.69891 53.69891 54.90385 86.33082 65.67732 42.03677 42.45167 44.8885 53.22955 67.34336 79.09459 103.4314 117.9604 117.5547 112.4935 58.29016 55.18102 54.52638 61.20432 64.08266 843.8854 1470.091 1270.772 77.26746 48.52647 40.99631 50.82939 31.03926 25.43155 25.43155 27.25932 28.6554 47.68314 50.64916 46.1373 42.48764 41.89936 49.20902 53.75729 52.22618 49.80822 49.937 50.2465 54.1974 55.57633 75.89441 90.36761 90.98267 90.98267 79.65043 69.77305
43.84304 55.61693 52.00895 51.47355 51.47355 51.38707 51.24877 51.17605 51.526 54.01316 52.51542 56.55252 57.74727 59.14864 69.36771 73.71627 73.59203 87.30749 94.09481 89.85303 44.40356 43.99887 45.71867 49.48999 49.62791 52.98328 73.47945 88.39469 117.9604 110.954 66.09962 53.45025 53.45025 53.45025 58.33561 600.5297 148.5063 63.73837 63.69221 55.09177 86.52348 166.2241 29.29502 38.38773 77.45933 86.15122 86.67623 92.71657 77.0359 52.88308 46.58132 51.12612 46.26569 53.84776 53.85339 53.81581 53.81507 53.81507 54.33057 88.62094 104.1473 99.05132 91.24087 409.7665 827.3962 74.52813
50.07561 64.45525 63.44217 59.56762 53.74436 51.19592 51.17605 50.26468 48.11752 47.49327 47.49327 49.12803 50.58409 57.22173 94.0948 94.0948 94.0948 88.27335 76.14181 68.05622 44.2034 43.99887 44.20265 50.67051 55.56397 58.37156 53.88232 476.8234 880.2014 857.2394 718.6462 303.906 65.34574 54.41586 53.58898 54.62167 54.00885 51.12116 61.07361 61.14728 85.00102 185.7195 183.7757 165.1226 114.2378 97.57926 92.72952 88.21955 63.81901 57.14941 57.14941 57.24328 63.19108 64.6452 56.95032 53.83245 53.86923 54.64378 82.15648 105.8742 105.8742 105.8742 236.8036 1937.782 2063.315 1298.885
57.90772 62.92246 62.6431 64.63902 62.52991 54.65993 51.22614 50.47925 49.46885 47.86649 47.49327 47.49327 47.49327 62.82151 79.37763 78.72226 67.10725 34.85836 34.09842 110.8813 616.0227 340.6025 48.28931 59.44558 69.78148 69.78148 72.39806 867.608 1173.258 958.6894 89.00531 81.3307 74.77044 45.04095 38.70808 38.70808 38.70808 42.40306 61.01234 61.14728 63.47099 170.2954 188.6307 188.6307 188.3772 178.0777 106.6826 67.87567 65.03625 63.99337 68.33647 73.23273 75.24578 63.92859 56.35783 55.08177 62.48462 81.14079 96.96403 98.1754 99.06855 709.7073 1761.598 2063.315 2006.547 553.9066
64.36358 46.36204 46.13257 51.48954 53.66655 52.48261 51.3526 51.40308 51.42168 52.32275 50.56187 51.29835 50.36561 57.34009 59.63278 56.26873 37.70333 31.87329 34.21776 447.8505 1602.378 1330.906 76.43587 54.57956 69.77713 69.78148 69.91888 69.98035 92.68848 77.38084 81.10308 81.33071 81.33071 74.50797 43.47061 38.94363 42.07615 42.75466 56.16799 61.08481 61.49226 136.5222 177.3382 185.3198 178.5484 177.6897 95.26531 64.76247 69.75057 76.22404 76.30984 70.84846 67.24204 55.47454 55.15175 55.15175 84.73065 83.36047 79.41055 83.42512 107.0922 551.45 1153.912 1003.193 1158.277 243.0417
65.78773 58.0023 49.86958 46.32307 45.93577 46.73155 48.51228 49.34271 49.41345 53.38022 54.04359 54.04359 54.04359 57.36115 59.62083 58.87291 33.89878 31.87329 31.87377 43.91733 104.3582 241.414 48.87508 60.11778 69.78513 71.75626 72.78539 74.72858 74.74065 75.76199 80.06795 81.33029 81.3307 73.82667 33.83763 33.74629 42.84084 57.32448 57.81858 57.91629 56.08327 53.02485 54.80738 55.10665 56.59088 56.99536 52.60408 50.56725 71.65079 76.30982 72.67774 58.62787 57.85775 57.78515 56.14433 80.11128 125.577 92.60587 71.40112 71.20906 86.671 131.5974 130.6777 125.7215 81.09617 76.65073
68.74646 68.18389 85.78052 205.49 197.1492 84.03097 47.51113 48.36539 49.74529 50.58527 49.32415 49.66451 50.88588 58.70849 59.4531 59.61401 49.42189 30.39367 30.10199 30.20775 34.62958 48.43758 58.71094 67.41684 69.90491 76.68304 77.45479 76.75822 74.79887 69.22891 69.29974 76.35958 68.75394 63.43262 33.93713 33.74629 33.75432 48.78608 52.54022 51.20113 47.89711 53.32228 60.21126 56.73668 57.72757 49.34536 48.57811 48.58969 58.45938 76.21069 76.28346 61.8863 57.04158 57.04386 55.95608 55.29158 117.4615 130.4701 94.95535 88.51107 96.05673 110.053 110.8681 103.6614 83.06049 76.65073
240.3633 254.4793 264.9112 232.8257 157.8325 97.32626 47.65177 52.39436 52.71665 52.71828 49.96806 48.94126 52.89238 59.13234 59.28361 59.20604 52.93417 36.82858 29.79799 29.79799 29.79799 46.94534 66.50812 66.65958 69.97656 85.73854 86.60069 85.6375 60.70122 39.10081 35.71613 39.72158 43.13617 40.90604 33.7467 33.98265 42.31595 46.79669 47.59012 47.59012 47.59012 50.7608 133.471 142.9428 142.5271 122.4925 93.62547 132.7447 133.2497 105.9869 79.22693 62.93326 55.68591 55.17422 55.17422 88.43643 131.9776 123.8308 95.16965 87.03922 88.42235 106.9693 109.0724 107.7318 82.85919 67.91048
125.7913 256.7546 209.5536 145.159 57.26638 57.26638 56.47721 56.6183 52.85279 52.72439 54.19382 73.0587 63.56403 61.22802 59.1501 59.76353 59.38209 59.54107 52.93658 48.07821 51.84951 68.10813 73.1731 75.91708 76.18547 88.37201 86.60503 86.60069 68.15434 36.45592 35.3705 36.42938 42.75809 43.58153 37.53141 39.09788 38.70388 39.15295 40.64763 39.15714 36.51926 48.13821 128.5944 152.8979 152.8979 152.8979 152.8945 137.7684 94.10268 82.52821 82.52821 82.52821 72.32979 76.49569 105.0533 131.6279 131.9776 124.0818 79.02441 65.38333 65.19171 68.0772 73.84647 69.31934 64.21886 64.21886
