data/polds90g.asc
ncols         288
nrows         192
xllcorner     13
yllcorner     48
cellsize      0.0416666666667
NODATA_value  -9999
[rows 87 to 115 of 192, columns 132 to 197 of 288]
79.26447 79.26447 74.69079 62.48466 62.13462 62.23405 63.45404 66.00609 63.91712 63.36417 63.25739 61.69517 58.70246 57.34063 55.38194 58.12229 59.09455 52.13826 49.47709 49.16806 47.07524 46.64592 46.77568 45.91099 46.42988 47.73646 47.73646 47.73646 55.14722 68.10908 73.27168 71.60527 69.40096 65.77244 54.02953 52.11937 53.34134 53.35482 53.12355 50.7239 50.69766 47.52349 37.58862 35.41753 35.41753 35.29584 32.11459 31.70336 31.70336 31.70336 46.53184 56.04858 59.89885 66.48805 68.28827 171.2668 352.7877 322.705 230.633 223.5132 210.8096 222.8733 298.8653 409.0018 612.4278 788.7664
76.78103 73.29787 68.34502 63.86176 62.46375 62.13462 77.39269 113.3155 101.9727 95.52854 83.99867 60.32745 58.4671 50.27747 49.62312 62.16669 63.02163 61.21561 51.32294 53.25259 54.2466 54.06119 54.06119 53.79305 49.3072 47.87045 47.84124 49.21337 50.51589 50.66526 52.70844 69.3362 69.7561 65.91645 63.34087 54.63451 53.35482 53.35482 52.47494 50.74765 50.69766 50.69766 39.06786 35.41753 35.63456 40.75702 38.396 32.22932 36.18877 52.88408 60.07467 59.11374 88.64192 115.3191 124.9283 132.0081 162.977 3004.289 2823.251 625.2881 889.0849 2092.873 849.6028 423.3209 439.1015 555.9682
67.04475 66.07671 66.07671 67.07103 67.57758 66.80666 72.00446 106.8604 113.3442 113.3442 101.8892 50.95244 50.78155 50.26087 74.40845 91.19333 90.19453 76.69183 74.12118 103.5972 90.07967 63.55286 57.60991 50.90628 50.75188 51.0623 111.728 79.5993 106.5364 102.086 53.69158 60.1635 61.58403 57.14207 56.77305 54.3963 53.94818 53.13885 52.85325 53.14005 58.92064 128.5913 617.1173 147.0635 47.31105 44.13334 43.66793 44.17721 55.29747 61.3566 62.51459 61.38009 63.12969 108.777 123.7895 124.6116 255.7038 3898.191 4683.585 7118.048 7482.795 6301.789 4195.71 1068.123 514.3821 251.9183
68.26243 66.9431 454.6457 123.7802 75.17297 72.88361 74.29488 75.0239 94.15037 96.43465 105.7321 85.00252 50.34026 54.36339 99.49568 106.5946 106.5946 105.7772 86.14933 609.2748 1338.729 1062.945 595.7219 52.09801 56.57958 107.2225 166.2297 183.3449 200.8686 188.5374 80.18053 56.15934 54.39608 53.60972 53.94315 55.96296 56.04479 54.93822 52.99017 57.76051 116.7822 1040.167 912.3973 86.78358 77.53252 97.93432 89.44758 117.9354 161.307 142.1336 159.7743 176.7001 233.1524 219.9875 240.533 227.9317 305.6131 3028.526 7306.725 8231.932 8231.932 8231.932 5989.871 1101.501 657.8727 480.5439
64.75878 65.16656 414.4957 972.8316 115.4379 72.22735 74.36184 63.89986 62.9365 62.90963 55.26515 50.27223 47.06985 52.43628 71.68463 69.91251 75.23721 73.47012 71.91018 71.94225 82.61626 282.8477 207.8436 53.43231 54.95227 55.40268 55.40268 59.96876 100.0385 65.54072 55.78915 55.78915 53.37735 52.22394 51.36289 53.27045 56.06759 55.18787 60.658 61.63179 225.1821 288.989 84.09565 100.4707 118.4233 107.5275 89.36427 113.3511 130.2921 221.5737 221.7412 230.9715 256.8288 261.748 1229.977 1930.751 2839.283 2290.807 1725.836 4795.875 8126.895 6682.025 2561.986 657.1022 676.8448 606.152
69.11134 63.78247 64.55251 64.35052 62.6683 60.70897 61.86463 61.2992 61.25736 60.113 47.22562 47.06985 47.06985 47.49044 58.75694 62.33628 62.24598 66.48526 68.20978 68.26165 68.22634 53.52925 53.46802 53.65159 54.37415 55.40268 55.40268 53.73285 50.32915 53.68704 55.78915 55.78915 56.39086 59.978 217.5762 85.82535 56.89742 76.96975 72.82407 51.81898 63.67365 65.7112 70.54345 80.21693 101.5763 97.41484 63.81606 63.81564 182.5735 252.9139 276.2341 537.5123 453.2845 272.1367 572.9327 1049.067 347.9292 365.951 504.3116 1320.562 2247.959 1506.958 308.8377 375.7281 572.0169 562.7878
67.64182 58.68357 58.94405 58.87465 58.20338 57.51809 57.51809 57.51809 57.19711 57.50224 52.37675 47.06985 47.14506 50.99846 57.77026 63.51882 63.09694 63.80731 64.7401 62.50506 58.59477 55.22903 55.38343 55.73139 52.85488 44.72122 45.57922 44.20981 43.91893 47.4104 55.89801 57.27764 57.7764 269.16 1303.446 476.4166 89.12193 95.64098 82.59078 39.59395 42.05951 44.19071 57.5861 64.02251 64.02251 64.02251 71.49631 86.76301 148.6349 236.1464 287.758 356.3898 562.0434 291.0365 235.0378 106.5781 222.3266 297.6119 178.4888 520.8038 1145.69 1198.447 551.6734 281.2209 336.576 673.2427
62.14508 61.1527 58.99704 58.32499 55.77827 61.2899 61.92373 61.60501 52.65915 50.32652 49.88002 49.50592 50.61858 63.57454 63.57466 63.57466 982.7446 315.0225 57.41896 57.37044 57.37044 56.89802 55.73699 55.73139 54.07275 44.16213 43.91893 43.91893 43.91893 44.55533 54.17381 58.20155 57.99366 97.05625 318.8512 59.39096 92.72741 95.74921 80.08653 40.19363 39.59395 41.48752 60.86532 64.02251 64.02251 164.6546 2361.363 659.6238 139.4052 147.7741 245.2796 199.4658 167.7771 132.9545 84.34895 93.49015 109.9313 162.1893 187.9914 213.3961 251.5049 261.4836 259.1176 278.5915 271.9818 198.7785
1191.021 194.5455 46.71759 38.96431 38.24535 55.54125 64.87885 64.87885 63.13414 51.64905 49.84716 49.86078 51.2471 60.14799 61.05236 61.28413 143.815 66.59092 66.95235 63.27112 64.29405 55.2558 54.47977 54.62077 54.35316 50.8965 48.97932 47.9343 48.23045 52.05092 58.38957 58.38957 58.43726 67.45605 67.75921 68.45627 80.04812 85.11745 67.06978 47.11404 46.96328 54.96386 56.52223 62.06256 61.20836 59.24409 341.9352 120.6579 58.8745 55.66784 60.87528 56.97757 46.34834 48.80266 77.48843 87.98689 103.7254 234.4814 259.2005 259.054 242.3376 224.4244 211.6772 170.1196 164.1959 183.8832
134.4937 47.80353 38.18147 38.18147 38.18147 53.42358 64.87885 64.87885 58.45333 50.63977 49.94571 49.94571 49.94571 49.94571 49.93816 53.18649 58.0736 62.76886 633.2175 268.4146 69.3128 61.49384 47.85607 47.91294 51.11503 62.48672 61.72612 54.53299 311.6368 480.5354 122.2137 55.14359 65.97775 69.00428 71.12971 74.56657 73.91139 68.91021 235.3307 986.6364 627.0734 285.9318 55.60198 56.51593 56.50727 56.50727 62.37635 71.04097 69.73247 65.57084 56.92078 46.34834 53.2483 68.46105 81.29829 83.66595 83.71298 96.58573 112.8997 91.54484 91.77913 75.30151 151.4611 159.7988 159.1078 165.1469
59.08091 54.87479 47.7607 46.64695 45.31367 48.24438 64.43679 72.97026 75.32826 76.03534 68.59311 58.13543 51.92405 41.43768 35.56352 46.75501 54.4819 54.55017 336.63 638.3278 74.57099 50.69497 47.76779 47.75371 57.63868 79.18932 79.18932 79.18932 137.8614 344.206 80.4449 50.50232 63.32273 70.38603 77.93211 76.32362 71.65102 75.18991 297.457 969.3735 438.1234 48.76585 47.82989 51.53176 53.76479 49.37652 49.7333 69.61103 75.46772 75.46772 73.85398 54.3816 47.39428 54.85631 51.30248 59.99762 116.0573 114.2165 105.4157 74.01616 71.79725 71.101 110.3049 123.33 148.7127 155.3659
58.79895 56.00032 49.32402 49.3234 49.3234 46.49955 63.03685 76.31342 76.31342 76.31342 76.31342 76.31342 71.86819 34.65736 34.44228 36.98764 65.54926 65.69546 50.70433 48.27606 225.381 347.8559 265.3901 47.75371 61.2135 79.18932 79.18932 79.18932 70.0435 49.94061 50.41163 50.41163 56.49347 80.59969 79.14814 81.35857 66.44714 65.26501 56.87541 53.96299 42.94301 36.86988 36.86988 37.79656 39.5015 39.69152 39.69152 47.0208 67.81435 73.11172 75.46772 61.34641 41.75796 41.75796 54.18575 146.3969 185.0148 185.0148 182.7367 84.73274 67.08898 67.08898 67.08898 67.08898 78.69498 113.7126
57.18681 56.41127 50.5009 49.32645 45.53307 33.99399 47.35714 55.03438 60.61889 71.02711 76.31342 76.31342 70.56891 41.44312 34.44228 98.80114 214.5829 208.5033 164.3856 171.1596 1220.51 1446.815 1291.038 1539.321 1274.17 529.7344 64.83311 59.25077 54.54424 48.62283 49.37929 57.38649 75.46217 77.56158 74.13252 72.01483 69.90543 60.98468 58.65791 51.27632 39.11354 43.34404 43.0956 42.77406 57.66686 56.87345 52.05811 57.6952 61.50244 63.07906 70.44901 59.08903 54.09201 56.86026 81.25618 107.0287 161.2909 184.4265 157.0111 142.8761 77.471 62.402 74.88138 78.2811 94.36533 99.32165
50.61917 50.61917 55.80193 56.57734 39.92783 33.40796 33.94369 40.45334 42.91638 47.53749 52.30651 56.76687 51.31408 45.90794 44.89095 81.93285 156.6554 199.8498 215.31 335.386 2405.127 2769.138 2911.062 2955.155 2955.155 1779.092 1363.263 42.31225 47.68844 425.804 387.6396 56.57546 79.35858 78.02808 66.50953 64.35501 59.91736 57.81141 57.66737 54.96828 53.8704 53.2168 53.2168 53.48068 60.99829 62.61118 62.61118 62.61118 62.61118 62.57592 62.43773 62.38353 62.38353 63.62003 67.92335 68.47552 77.75851 88.71059 51.75859 51.51285 51.51285 62.19545 95.66386 99.32165 99.32165 97.35126
50.61917 52.12495 57.23269 53.9815 33.48407 33.58449 37.10199 40.17165 42.91638 43.32182 43.10606 44.49279 47.30755 44.24924 45.27507 47.08792 48.42003 52.2838 337.5036 487.091 1961.489 2955.154 2955.155 2955.155 2955.155 2955.155 2547.662 153.956 49.66029 185.326 143.0125 100.6439 121.6926 115.0489 79.94616 62.33513 50.3825 54.37 57.80096 57.17362 54.20582 529.2812 690.7603 76.78371 47.32638 50.19457 54.39055 60.58148 61.03458 62.5993 62.40511 62.38353 62.38353 63.90506 68.77434 61.30523 59.94381 61.64156 53.37791 51.51285 65.63298 85.91393 99.32166 86.30885 69.23552 35.63304
57.4385 57.27065 57.34052 56.5732 52.8427 52.2764 56.61311 52.57521 47.26423 51.87561 51.51791 51.54253 51.94516 46.12238 40.5383 40.55808 46.4975 49.50291 87.94962 277.8659 1955.33 2955.155 2955.155 2955.155 2955.155 2955.155 2901.571 575.8616 227.5238 144.5143 143.5139 144.5143 144.5143 137.5525 115.8437 80.48608 40.17345 40.29768 44.95494 50.64691 52.18658 172.2598 145.245 48.67648 47.00725 43.59811 44.20012 53.12188 53.12188 53.98785 54.21517 59.89908 67.51956 69.6797 69.71975 55.82612 54.12652 52.20577 51.15194 57.25278 91.11247 99.32166 75.42502 37.84767 30.78356 29.73324
76.42229 58.68864 57.34052 57.24108 57.03717 56.97925 57.23682 61.63683 67.64868 63.70237 54.61879 52.05227 52.23667 100.1275 110.9938 39.97312 44.30487 58.56618 60.84933 260.231 1498.323 1469.528 1612.577 1021.493 1113.922 633.2198 520.3889 150.9931 94.80627 111.41 74.801 78.60054 100.0059 143.6396 110.4091 64.73192 49.72269 40.45332 42.19381 44.31049 44.77955 44.52842 45.56132 47.84598 47.84598 49.57595 55.99171 61.46042 57.27478 53.15759 53.17265 60.12009 71.14561 71.14561 67.04897 52.93189 51.16093 51.07571 51.04974 58.37029 94.09256 60.48207 38.87278 37.42603 31.11079 29.74868
73.59023 60.65919 58.95852 55.54811 51.91808 51.7506 99.85674 216.2538 82.24269 92.84888 137.8273 85.98912 152.3403 189.182 198.9034 154.0509 68.84721 60.68507 172.0172 859.2152 1443.287 1538.663 561.0581 113.9465 107.4549 107.3522 79.19612 69.37418 68.64481 68.41206 67.09979 67.12611 74.88987 89.2972 83.88756 74.6578 63.2199 59.34139 54.29222 45.23622 44.52841 45.19962 48.03447 48.42076 48.22081 57.69034 68.82521 68.99332 68.99332 68.26745 66.29881 70.57586 71.14561 71.14561 68.06538 51.67353 40.27557 50.18732 110.0062 119.379 128.9034 45.28248 38.73022 38.73022 38.68469 40.90604
71.32471 59.89867 59.89867 141.8668 637.2142 643.2139 712.4266 500.7342 59.0735 198.2071 1512.842 853.9329 127.054 199.7482 199.781 199.781 183.2076 70.71046 60.49483 53.40245 49.39301 52.04285 60.37211 82.94003 87.37777 87.37777 81.67625 66.63657 65.94896 67.7438 68.05339 68.99609 79.66119 85.50909 83.31136 66.01208 59.55756 59.55756 59.07517 52.31803 44.75248 46.44719 48.71074 48.69489 48.64502 46.05942 51.75254 58.96865 62.38023 68.29803 68.99332 58.45193 43.49043 32.50788 31.68876 30.7333 38.21913 67.93736 130.12 115.4032 82.91425 42.27888 41.10982 42.0678 44.80727 44.58237
60.95372 58.60901 59.82344 91.58168 220.8614 438.407 94.10838 61.94855 72.06165 126.221 300.9596 447.6894 374.9193 108.0213 161.8161 135.5383 107.8767 122.6314 83.05077 38.78224 38.78224 38.78224 39.37854 75.37228 87.37776 87.37776 81.26934 81.42859 75.3788 85.36382 76.01295 67.22322 66.04456 79.93041 77.67049 264.6164 726.6702 186.6672 59.54968 42.28659 42.03176 46.13227 43.5356 34.2484 28.86224 26.86891 30.49006 50.72508 61.23889 59.69134 48.92934 46.73078 41.56213 33.1828 41.92211 47.48876 50.39137 50.42396 55.56252 52.14257 50.5775 55.54444 78.26191 80.77427 79.7143 71.23938
47.88753 51.97004 52.04909 52.70396 51.68307 51.52504 51.65902 52.03936 54.84496 60.31466 59.98515 58.73157 58.55048 58.52547 56.69763 56.02794 56.02794 57.26135 89.39149 67.94931 44.70894 45.50504 47.02591 54.73528 67.47181 78.07283 103.2971 118.853 118.48 113.7408 63.03185 59.93895 58.99065 61.76857 62.97148 869.7316 1517.586 1311.406 76.7457 48.57598 41.60252 50.78294 31.9029 26.46217 26.46217 28.36522 30.34648 53.64358 56.46751 51.88862 44.47124 43.27565 50.57899 55.12565 54.03399 51.2117 51.06264 51.13939 51.00783 51.14009 68.62746 81.08428 81.61366 81.61366 74.44081 68.18884
43.92745 55.28643 52.30661 51.85403 51.85403 52.82916 53.61338 53.72807 53.88113 55.45252 53.97736 57.47392 58.55048 60.05303 71.3723 76.46625 76.39109 90.43061 97.3783 93.23906 48.88828 48.49338 49.40902 51.4169 51.49033 54.79807 75.00336 89.70692 118.853 112.3011 70.35671 58.52799 58.52799 58.52799 60.56968 617.9657 150.3122 62.92178 62.91502 54.86229 84.23987 158.4883 30.08361 39.95199 80.63284 89.68273 90.22937 96.51965 80.45306 53.83327 47.32309 51.25196 47.56965 55.2137 54.94908 52.0811 52.02422 52.02422 52.41835 79.87731 92.3688 88.20554 81.82459 408.7837 841.3377 73.04911
50.45341 62.81424 61.97141 58.69615 54.14513 53.60292 53.72807 52.63494 50.05959 49.31084 49.31084 50.78388 52.09591 59.07307 97.3783 97.3783 97.3783 90.95095 76.28952 69.48553 48.31582 48.49338 48.31647 53.72428 57.65776 60.57477 55.91056 484.0038 891.9011 869.0488 728.8727 309.2295 68.10033 59.19334 55.87797 54.57282 53.99522 52.15188 62.40773 62.54248 84.41505 176.7684 174.8869 158.0728 115.1257 100.7245 96.53197 92.24263 66.00407 56.45896 56.45896 56.57651 65.57306 67.34551 57.26013 52.0789 52.19467 52.7358 74.99304 93.77967 93.77967 93.77967 229.3584 1976.865 2105.832 1321.919
59.44207 62.04602 61.18927 62.98313 61.53323 56.12305 53.52505 52.03793 51.07775 49.64464 49.31084 49.31084 49.31084 64.72165 81.67616 80.97692 68.38374 33.17295 31.812 106.4379 613.2125 338.7259 44.76875 58.50332 72.4294 72.4294 75.07726 879.7913 1189.068 971.3035 88.75164 80.96349 74.71451 46.48413 40.36331 40.36331 40.36331 44.01547 62.4091 62.54248 64.67319 162.6253 179.4378 179.4378 179.2187 170.3148 107.6221 72.89389 70.16837 67.71563 70.65083 76.59958 79.23478 66.2786 57.5904 56.01048 62.04295 76.03379 89.46019 90.04743 90.48042 715.9 1795.697 2105.832 2047.445 555.6038
68.81046 46.77814 46.35015 51.16482 53.12144 52.85305 52.88923 52.80767 52.83281 54.27699 52.62133 53.41586 52.4096 58.61988 60.60985 56.89279 36.3793 29.9375 31.91254 444.3646 1602.058 1329.835 71.89719 51.94641 72.42353 72.42941 72.44831 72.45677 91.89046 76.22044 80.69015 80.96349 80.96349 74.46449 44.80972 40.34722 43.35935 43.97293 57.11973 62.44576 62.85883 131.663 169.0848 176.4024 170.1944 169.4072 96.20988 69.85063 74.48258 80.37482 80.45293 74.6157 70.46926 56.64618 56.2307 56.2307 89.297 79.67867 76.81638 79.71622 97.54984 548.8383 1169.199 1014.129 1178.056 242.771
65.93395 58.05824 50.06178 46.5747 46.61058 48.7525 51.23626 51.77173 52.0494 55.81627 56.37749 56.37749 56.37749 58.74613 60.51656 59.77024 32.17553 29.9375 29.9379 39.94857 99.87872 237.3314 44.26022 59.40858 72.42991 72.70121 72.84286 73.11032 73.11199 74.27654 79.44716 80.96298 80.96349 73.77492 35.46702 35.37952 43.69464 56.937 57.38875 57.54003 56.94725 55.43482 56.74903 57.0234 58.22362 57.20102 52.40687 51.02079 75.14199 80.45292 76.57086 61.55407 60.73095 60.61021 58.82221 105.8407 191.9467 118.4338 71.31975 70.89225 82.63067 117.0993 116.6822 111.8995 76.14743 72.58591
68.73628 68.06923 85.88817 207.1718 199.5914 87.20896 50.85083 51.46133 52.29848 52.7445 51.51651 51.86708 52.80092 57.05785 59.20663 60.57505 48.69744 26.04756 25.28074 25.55877 29.49079 43.80663 55.68814 67.08699 70.34004 75.17364 75.85461 75.13741 73.12 68.32985 68.39075 75.18204 69.39299 64.26408 35.59091 35.37952 35.38686 49.58554 54.31269 53.5323 51.60683 56.41204 62.12851 58.6693 59.65099 49.64503 48.64714 48.66042 59.98007 80.33921 80.42474 65.2171 60.30744 60.30862 59.74417 59.56281 178.4078 202.1378 108.8429 89.26928 94.8712 107.2131 107.5862 97.19396 79.29326 72.58591
242.5216 256.7182 267.2819 235.0242 159.6221 99.77411 50.95792 54.34649 54.56947 54.57096 52.05971 51.12214 53.48758 57.2233 57.88305 59.06366 52.21411 32.90884 24.4815 24.4815 24.4815 43.12977 64.74741 64.92339 68.30797 84.39178 85.27153 84.2798 61.5196 42.41977 39.50896 42.95988 45.93759 43.31359 35.37997 35.65352 45.31387 50.50814 51.42792 51.42792 51.42792 54.5274 135.2705 144.4723 144.0585 123.5883 94.30503 133.9545 134.87 108.9424 82.92094 66.9296 59.83905 59.33846 59.33846 122.923 206.1569 182.041 97.19904 87.59149 87.47348 104.5318 106.5675 105.3366 81.84184 67.52269
127.6366 259.0393 211.336 146.8795 58.50763 58.50763 57.89193 57.97019 54.69084 54.57654 56.23954 75.64542 62.41744 59.8383 58.33688 60.44539 59.99311 60.04332 52.05187 45.46702 49.03704 65.95342 70.89675 73.28731 73.5298 85.28603 85.27392 85.27152 68.88667 40.59331 39.21172 40.12882 45.61013 46.27865 39.57798 41.35155 41.71704 42.36445 43.98729 42.91589 40.33965 51.71091 130.5549 154.3808 154.3808 154.3808 154.3775 139.7002 97.33009 86.09904 86.09904 86.09904 76.12186 99.58655 154.688 205.4884 206.1569 183.6968 84.62016 64.26718 64.0608 67.36423 74.26446 70.06724 65.38412 65.38412
