data/polds90ag.asc
ncols         288
nrows         192
xllcorner     13
yllcorner     48
cellsize      0.0416666666667
NODATA_value  -9999
[rows 58 to 86 of 192, columns 66 to 131 of 288]
48.82225 48.82225 48.10257 45.10244 69.85365 49.07285 74.38516 61.5177 39.18228 32.32532 32.32532 32.32532 32.32532 30.02127 23.08284 21.00005 14.2062 14.20292 14.20292 14.20292 14.20292 14.20292 15.30006 22.31083 27.51888 27.51888 27.51888 27.51888 32.88441 40.45951 42.81622 42.07609 42.01479 42.07609 42.07609 42.07609 42.07609 41.20752 37.66946 35.54683 41.90368 42.62416 42.41334 41.26957 42.49301 41.09257 41.20673 41.86505 52.89739 72.99651 63.72589 50.88313 25.14404 25.14404 25.14404 25.14404 25.14404 25.14404 25.12913 33.36713 43.17572 44.26338 32.0407 28.88733 36.89398 47.14352
48.82225 48.82225 48.82225 48.82225 73.41834 84.87205 84.53777 83.01651 81.44805 41.60355 32.32532 32.32532 32.32532 32.32532 32.32532 31.57512 22.60452 14.20292 14.20292 14.20292 14.20292 14.20292 17.59903 25.34652 27.51888 27.51888 27.51888 27.51888 27.55959 28.09659 36.41718 34.88581 30.8877 33.18148 32.74535 32.80404 32.46022 37.43274 41.96894 46.22613 44.54953 42.62416 42.62416 42.62416 48.32631 52.628 43.88181 42.46319 39.70616 38.6077 38.6077 29.85322 31.65922 32.45088 33.45214 25.86757 26.68738 35.31055 39.93221 42.70152 46.06866 46.7365 46.28968 40.69116 46.24409 47.14352
48.82225 49.68463 59.08352 58.50846 72.28357 77.14693 21.32568 34.92685 52.14394 27.78006 22.03764 23.87139 26.67364 27.37455 32.25123 32.32532 31.90374 22.96354 22.27303 23.62836 25.74424 26.11026 27.50201 27.51888 27.51888 27.96637 27.90864 27.69751 30.15989 30.73597 30.8608 29.48332 29.13203 29.72725 30.34309 30.34309 30.34309 30.34309 32.67668 57.57119 61.42803 54.60262 56.99513 61.0092 66.15517 66.52678 66.45943 48.24861 38.6077 38.6077 38.6077 36.07801 34.91504 34.91504 34.91504 34.85984 36.07925 42.22173 43.70923 44.60352 46.49005 46.94248 46.7365 63.86889 60.38139 76.50684
48.82225 48.82225 48.82225 55.15387 61.82554 73.29949 39.70597 19.38673 19.38673 19.38673 19.38673 19.38673 19.38673 19.38673 24.97159 27.97101 23.9543 32.8371 33.10006 33.10006 33.10006 32.94352 32.12951 30.32601 30.58624 32.53413 32.2089 30.59135 30.9178 30.9178 30.49645 28.3258 27.49436 27.82039 27.86457 28.91557 29.78001 38.72515 62.27507 66.52678 66.47972 66.52678 66.52678 66.22281 63.77778 48.24076 48.40166 40.63454 40.26347 43.43626 39.88617 44.19238 38.37156 34.91504 34.91504 39.03181 48.69316 47.7928 48.48288 48.68787 48.68787 55.75737 124.1405 165.8201 188.6165 188.6165
23.70861 25.7487 35.33261 32.84748 23.04438 18.0578 26.77913 20.84532 20.41465 20.22229 22.88538 21.80656 20.58223 20.96271 21.30135 21.30997 21.30997 27.36553 32.57024 33.10006 33.10006 33.10006 33.10006 33.10006 33.04792 31.83944 28.59536 27.2364 30.22855 30.9178 36.09032 42.3749 29.6101 27.4534 27.4534 27.67941 37.66893 57.93373 61.01041 61.52962 59.63765 59.9048 64.88808 44.81359 32.28041 32.11184 32.11184 38.6482 50.58168 54.15795 54.1282 54.15795 52.14852 41.67431 42.65718 47.98133 50.72683 49.60196 49.95222 48.87789 49.08673 113.1164 188.6165 188.6165 180.7665 86.14138
15.3778 15.3778 15.3778 15.3778 15.3778 21.80115 31.89736 31.25644 31.89736 31.89736 31.89736 30.92524 24.60849 22.2639 21.30997 21.30997 21.30997 21.30997 22.00775 26.5363 29.63645 32.61953 33.10006 33.10006 31.44028 23.03928 23.03928 23.04115 27.90486 30.56664 739.2761 705.9883 30.53098 28.4789 27.50124 27.7173 47.52803 55.38728 58.04318 58.63385 58.63385 58.63385 58.63385 58.59745 46.2623 32.11184 37.38182 53.48603 54.15795 54.15795 54.15795 54.15795 54.15795 54.15795 54.19452 59.87985 62.40622 61.48293 62.56233 61.00376 62.91758 178.7279 169.0742 504.5516 1154.569 158.3899
16.20331 15.3778 15.3778 15.3778 15.3778 16.74958 23.09664 26.77205 31.85521 31.56672 30.96937 31.20121 31.18539 28.65665 22.2527 31.41488 235.8058 99.03187 21.49575 21.30997 21.30997 23.45869 28.30194 32.69304 25.53578 23.03928 23.03928 23.23624 32.31922 35.26257 34.62997 31.52826 30.9178 30.69406 31.4509 38.81494 49.66485 50.81108 52.32941 57.52645 58.63385 58.63385 58.63385 58.23039 34.05421 32.11184 32.23001 45.04919 54.15795 54.15795 54.15795 54.15795 54.15795 54.15795 54.15795 58.81675 61.68316 62.07618 62.51329 62.56233 62.56233 139.3923 55.15053 49.27482 55.53332 52.07513
17.61203 15.60848 15.3778 15.3778 15.3778 15.3778 16.56445 19.4628 20.54124 22.94866 20.45245 20.35664 20.72408 21.30997 21.30997 182.3394 637.517 631.8306 272.4741 21.30997 21.30997 23.18909 26.07474 26.68427 26.1612 23.3183 30.16639 35.84547 36.48391 36.48391 36.48391 36.26851 31.47223 34.54875 45.14429 50.81108 50.81108 50.81108 50.81108 51.41171 56.03889 56.337 56.52281 55.92549 47.71083 50.92565 47.29676 35.79952 43.34054 50.4599 54.15795 54.15795 54.12367 54.15795 51.70718 56.66481 61.61913 61.65734 61.85364 62.06917 63.15254 76.29922 65.29666 56.88405 54.89962 57.32613
18.00912 17.24697 16.12008 16.13954 15.93359 16.07362 19.16949 20.25485 20.25485 20.25485 20.25485 20.25485 21.0798 21.30997 22.39781 74.02282 149.863 21.30997 21.64273 23.52223 22.49082 25.84727 26.20666 26.20666 26.36048 32.33209 36.46688 36.48391 37.80449 44.94072 48.36524 47.24572 50.41933 52.0428 58.39228 60.99497 61.37672 52.9142 49.09807 48.44312 50.76171 53.42205 55.66179 55.7338 55.7338 55.7338 48.86234 34.6839 34.27013 36.7989 40.91243 50.37559 52.22917 60.79627 48.74162 49.78867 57.67857 61.50723 60.87492 54.95663 51.01858 65.89933 89.61508 84.40441 74.32583 55.63945
18.00912 18.00912 18.00912 17.80754 18.00347 17.84809 19.2966 20.25485 20.25485 20.25485 20.25485 20.25485 20.34913 21.30997 21.30997 21.30997 21.30997 21.42397 24.13369 26.20666 26.17575 26.20666 135.7761 428.6969 522.9252 375.4841 153.198 39.18731 44.58523 51.65146 57.50279 57.50279 57.50279 57.50279 77.24689 85.97778 85.97778 85.97778 52.25237 45.6787 45.6787 45.70009 74.3774 119.6161 137.5021 155.1546 162.364 111.4968 42.11729 34.27013 34.27013 34.7151 703.4359 962.3519 586.6553 308.3239 143.0984 632.9799 1051.609 48.7844 48.7844 48.7844 70.86845 76.47997 77.0938 59.18566
18.01089 18.23609 18.00912 18.00912 18.00912 15.60607 14.65048 15.15517 16.05219 16.14878 16.61869 17.36481 15.8019 16.94377 19.97184 28.17406 25.64347 26.06301 27.80695 26.20666 26.20666 31.75565 572.6016 737.7899 737.7899 736.5793 188.6343 44.60509 44.74767 50.57281 52.05032 53.92635 61.28619 61.86486 75.2736 85.51891 85.97778 85.97778 71.48631 48.51655 45.6787 45.6787 122.4588 168.4052 168.4052 168.4052 168.4052 159.134 81.99678 45.30933 47.79885 1183.803 1285.155 2246.067 2248.379 2207.124 2225.101 1846.812 766.5226 48.71581 48.56089 47.68082 46.83798 47.09797 58.77139 60.34829
19.52966 19.75414 19.52049 19.71635 19.49474 17.72086 14.64863 14.64863 14.64863 14.64863 14.64863 14.64863 14.64863 14.64863 34.88888 62.80867 61.47114 55.28934 62.19027 57.68406 50.67476 55.50097 62.45108 535.8409 464.2332 365.8608 44.60509 44.60509 44.66997 47.22486 47.91936 49.8582 62.33532 62.79102 62.11646 76.2331 85.67573 85.94949 70.84354 46.10125 46.22569 46.58386 108.9651 156.4853 166.6303 143.6876 104.983 122.1293 100.0916 63.31457 64.16628 64.30367 402.5536 1519.481 1749.707 2248.379 2248.379 903.5374 56.70952 49.93914 48.27267 46.77721 46.77439 46.77439 53.64151 59.67364
19.78286 19.85269 19.89894 19.89894 19.89894 17.79067 14.64863 14.64863 14.64863 14.64863 14.64863 14.92433 16.57159 21.69087 51.18276 62.80867 62.80867 62.80867 62.80867 62.80867 62.74011 62.5463 62.28839 141.9326 59.64703 42.3833 38.68853 39.12278 37.61916 37.32868 48.10261 51.40474 55.02451 54.10289 53.18823 54.32134 53.61193 48.60128 48.56589 47.47828 47.47828 47.47828 47.47828 58.55989 66.69713 61.42226 61.42226 61.42226 61.42226 61.42226 62.80505 64.25801 64.30367 63.82458 58.93201 1435.802 1300.117 555.357 84.52087 84.52087 83.49816 76.0579 61.48489 49.65551 46.77439 47.95767
19.82953 19.89894 19.89894 19.89894 22.11711 48.22582 43.71603 32.1013 25.56621 21.08189 26.23829 28.72267 42.48933 60.1506 62.80867 62.80867 62.80867 62.80867 62.80867 58.21716 35.84253 46.81506 62.28839 59.95002 46.40025 26.80597 23.11785 228.0531 99.05652 23.11785 31.33935 52.42311 51.13929 50.72573 49.64952 49.09988 47.91595 45.81287 47.42073 47.47828 47.47828 47.47828 47.47828 47.62479 57.56263 61.42226 61.42226 61.42226 61.42226 61.42226 56.13874 53.51193 53.43215 46.37281 39.5664 38.97244 44.16521 68.16054 78.99146 84.52087 84.52087 84.52087 84.52087 39.11745 26.80908 447.4982
19.8942 19.89894 19.89894 19.89894 22.84832 49.63508 50.20627 50.20627 39.88988 29.49802 29.49802 31.36947 49.52787 62.80867 61.54927 61.97889 62.04844 47.20919 43.27781 34.42052 30.12328 49.41846 61.04966 43.00089 23.16943 23.11785 23.11785 638.1736 616.4719 24.65948 36.03186 46.43364 46.24763 46.24763 45.9449 45.26871 45.26871 45.93556 46.64938 46.48896 47.26428 47.47828 47.47828 49.35501 61.25987 61.42226 61.42226 61.42226 61.42226 61.30035 54.83427 52.05827 52.05827 49.08698 43.83978 42.84264 38.97244 38.97244 44.2538 59.6865 60.12325 60.32856 53.6643 17.67154 12.65776 12.65776
19.89894 19.89894 19.89894 19.99442 31.35822 47.26151 50.20627 50.18692 43.13848 29.98093 29.49802 29.49802 43.19076 43.05438 30.7347 32.74813 34.31812 30.58713 30.12328 50.84031 30.12328 30.61411 32.68524 30.12328 30.55488 32.67067 24.54423 23.73433 29.63183 35.37707 43.18937 45.07914 46.14289 45.33811 41.14885 44.77025 45.26871 45.26871 45.26871 47.28131 64.40878 63.97484 50.07053 48.77743 57.71869 62.92934 65.46646 63.93481 64.57635 55.32564 52.05827 52.05827 52.17933 57.19598 64.68239 65.43807 56.96504 59.13644 57.7083 44.02064 39.09968 39.09993 52.52388 68.85375 68.47955 61.38033
35.68353 37.59733 38.75222 42.31977 43.47273 47.39574 50.20627 50.20627 37.9086 29.49802 29.49802 29.49802 29.49802 29.49802 29.73968 30.00513 30.12328 30.12328 210.6218 591.2623 188.3651 30.12328 30.12328 30.12603 33.79575 38.11026 37.4808 37.55549 38.11026 38.11026 38.11026 36.93964 36.20295 34.9813 30.87831 32.09574 38.05308 35.12026 39.37463 48.19837 60.14014 68.67625 72.9894 76.91643 88.13981 96.86681 96.9521 96.95036 90.21908 68.91286 74.86113 94.18468 117.878 125.7613 114.9759 75.88694 66.28098 66.1889 65.73055 41.14168 39.09993 39.47932 79.22414 82.24493 82.24493 82.24493
47.17672 43.47273 43.47273 43.13852 41.78162 40.33075 40.51245 38.38653 32.37943 29.49802 29.49802 29.49802 29.49802 29.49802 29.49802 32.85596 34.49925 35.54288 36.38614 36.74652 34.86726 31.84815 35.06815 40.92511 41.63203 41.12388 40.21052 38.43969 38.11026 38.11026 38.09136 33.88681 30.66901 30.66901 39.18173 47.57623 30.66901 30.66901 35.36179 52.69748 52.69748 52.69748 68.00749 91.73035 96.9521 96.9521 96.9521 96.9521 96.9521 97.557 106.8787 115.8596 122.3633 130.6568 130.6568 114.2944 80.30071 65.38496 62.11463 57.29601 51.02121 70.29544 80.81408 82.24493 82.24493 77.08912
43.76759 43.47273 43.47273 40.86409 35.50416 34.43376 34.43376 34.43376 33.34167 30.19736 30.65022 30.25299 29.49802 29.49802 29.49802 34.59771 37.062 37.062 37.062 37.77011 42.52051 43.36365 43.42123 43.3713 43.08392 42.83941 42.82721 46.41999 65.36182 74.38126 36.24187 31.38336 30.66901 82.9684 877.1951 820.39 30.66901 30.66901 32.90309 49.95539 53.05003 52.70092 66.60997 72.27449 91.3002 91.23375 72.33194 84.67431 84.05934 72.32941 57.95465 50.04744 42.24871 95.9343 125.0373 118.2634 113.8066 108.2573 77.17154 697.1855 1317.137 62.4668 63.42939 50.49261 53.54669 39.51176
43.47273 43.47273 43.47273 43.47273 39.08791 34.61148 34.43376 35.91462 45.08052 57.30056 61.06406 60.99296 50.83805 47.18854 36.57118 44.84979 42.09559 37.0556 37.72322 41.66698 43.43195 43.79205 43.74309 43.32816 43.12355 42.84698 42.82721 54.41161 78.62963 78.62963 64.98761 58.28922 55.52427 30.66901 88.27715 32.1491 35.17083 32.05791 38.59541 45.45108 69.49867 69.94724 71.9716 63.22076 57.55818 38.57189 38.17669 39.74721 38.5 37.99263 37.99263 38.58036 41.13037 41.29599 74.94469 127.6498 131.97 119.6388 92.80734 1916.479 2038.163 68.67112 61.50865 43.47301 35.89662 35.89662
43.4938 43.75385 43.82718 45.91494 44.70716 42.23085 42.88429 50.20763 61.06641 61.06641 61.06641 61.06641 61.06641 61.06641 61.06641 61.06641 55.79778 36.92762 47.87601 41.62879 81.04746 84.55353 81.79292 63.0108 59.83414 53.57999 50.81153 76.04601 78.62963 78.62963 78.62963 78.62963 72.40506 36.30093 36.62402 41.62243 42.52754 42.52754 42.52754 42.52754 42.95333 58.21645 72.26624 61.59443 38.28664 38.28664 38.28664 38.12326 37.9929 39.09473 47.35365 40.65714 43.74625 49.63859 105.6555 146.4767 146.4767 143.419 103.034 141.9501 193.7319 67.17422 71.65987 64.5447 47.5235 43.21671
44.59625 54.36268 58.34338 58.49481 52.59687 42.63347 42.63347 42.91774 47.04125 51.39849 54.73174 60.20323 61.06641 61.06641 61.06641 60.54367 52.84053 36.92632 162.5421 55.53674 47.09019 78.00654 85.02328 85.02328 85.02328 85.02328 83.84619 81.48455 79.14368 78.72617 76.87594 64.94147 58.06639 41.09114 41.05264 41.18819 41.53481 41.99511 47.2504 47.18719 46.92135 50.43477 62.0585 42.24028 37.7816 38.13321 38.28664 38.27441 38.27191 69.88763 91.53287 88.79738 93.45314 94.47903 116.8153 128.6896 111.459 86.90331 67.79905 69.21948 78.73782 79.75285 79.75285 79.75285 79.75285 71.20522
43.48932 57.86152 58.49481 58.49481 58.39764 51.62367 42.66058 42.63347 42.63347 42.15112 39.52442 38.37582 47.27336 53.70052 61.6921 58.63814 56.41761 52.13536 51.08349 115.4847 142.8896 90.40974 85.02328 85.02328 85.02328 85.02328 85.02328 84.85435 83.9586 83.11233 83.21391 64.47934 42.97309 41.12174 41.04663 41.04663 41.67653 44.41557 55.32183 56.8818 56.8818 42.62158 38.08569 37.7355 38.82696 39.50755 38.67886 48.24001 59.59446 85.16361 92.59908 94.19945 94.47902 94.47902 94.47902 94.47902 81.81532 67.79905 67.79905 68.93517 79.16206 79.75284 79.75284 79.75284 79.69285 58.5167
34.75952 50.31978 58.44032 58.49481 58.49481 53.01967 44.4566 42.41669 42.47514 42.22996 37.75388 37.06907 52.76038 64.34764 70.25675 73.50699 63.35164 67.04594 139.7089 156.383 156.383 132.8143 88.33572 85.02328 85.02328 85.02328 85.02328 82.59119 76.34657 83.21391 83.21391 83.21391 79.61486 42.35372 41.04663 42.69385 45.25682 45.34463 48.63895 55.40268 56.8818 56.33276 51.06295 39.87152 40.57426 40.62016 39.89106 50.72496 79.15273 79.15273 79.15273 84.00233 94.24766 94.47902 94.47902 94.47902 74.99397 67.79905 67.79905 68.71059 74.90898 75.14673 74.7181 79.75285 79.75285 69.80782
29.44276 32.3545 53.6249 58.49481 58.49481 55.81504 43.52467 41.73106 41.73242 41.72921 40.90876 41.51924 59.25141 72.4754 80.65601 131.8758 151.9713 146.0278 122.4631 132.047 142.3835 156.1917 136.5376 110.5555 80.26091 63.91918 60.39389 54.8192 59.42799 152.0687 117.6252 83.21391 83.09306 67.95479 55.70329 46.57425 47.28162 46.27859 45.33501 51.21553 52.03718 50.50793 44.03428 426.7416 880.7981 374.7122 40.62016 52.15787 78.60328 79.15273 79.15273 79.25984 82.23289 82.83803 79.36545 78.82668 63.25891 66.70332 61.76523 51.88904 45.02166 43.79732 62.04118 79.34557 76.43782 73.7306
23.27522 23.27522 41.56494 58.34177 58.49481 58.49481 52.01018 42.29799 44.2128 42.36166 45.85481 60.71348 72.5247 72.5247 71.7258 68.50827 85.03446 52.10459 50.4472 50.4472 51.32751 89.25664 95.98753 90.95017 79.55202 68.27557 54.60647 55.3296 177.1006 288.0678 210.3049 160.2822 139.106 77.21597 70.5637 70.54173 70.02294 68.9996 48.43054 42.82064 42.79583 42.79288 41.4712 828.6343 1683.886 524.0782 41.14256 46.85783 73.12365 76.60114 76.73944 75.39426 56.41137 41.40387 39.44063 39.44063 41.30603 49.63562 47.97272 43.73943 43.73943 48.29488 68.39246 73.33154 73.40588 72.84497
23.27522 23.27522 23.51027 39.03116 41.32297 58.49481 53.5569 48.85845 50.14965 48.2441 50.87696 58.88079 64.90708 66.86842 54.83026 51.68803 51.68798 50.71654 50.45547 50.4472 60.9204 110.5162 100.2465 236.604 951.423 936.8548 712.3954 1395.041 2197.788 983.4319 210.6982 259.1888 306.0872 120.4198 70.56371 70.56371 70.56371 70.56371 54.75299 42.79583 43.59794 48.88557 52.92353 193.8869 612.3244 84.2788 44.89305 50.47151 73.50503 74.11533 74.11533 70.15128 32.19542 32.70638 34.74628 48.65473 63.64673 71.17482 69.42879 61.29567 64.26466 71.77573 71.87624 67.99694 63.1361 55.88639
26.28402 21.39695 20.64458 18.24384 17.20501 24.18141 27.89647 40.83315 47.1296 49.72058 50.14965 50.14965 50.14965 51.72367 51.5709 51.78508 51.68803 51.68793 51.58226 56.86301 98.69463 113.9668 113.9668 124.4445 193.3338 1957.867 2232.544 2232.544 2232.544 1691.695 1128.918 545.0204 314.8439 257.708 140.6513 83.10578 77.64928 81.1736 71.37451 56.23841 54.55804 55.60392 55.60392 55.60392 47.32427 44.89305 44.89471 70.06001 74.11532 74.11532 69.72014 46.92932 27.88117 35.9642 48.11512 77.77383 85.28146 80.21632 71.44641 71.99094 74.02174 74.63245 69.51913 53.01722 52.01997 52.01997
40.96711 34.34805 29.24728 21.91379 17.18981 17.18981 17.18981 17.69467 22.0934 33.12371 80.60894 51.65499 52.7123 52.47986 53.11681 54.09684 62.60518 57.26097 79.90884 74.90842 105.259 81.31002 84.99095 73.04356 82.02964 1670.259 2232.544 2232.544 2232.544 2232.544 2223.215 709.4557 310.5026 216.6959 129.3572 93.87554 93.87554 93.87554 82.715 63.5701 60.57129 122.3613 162.6057 141.3261 108.5057 94.12618 80.20853 73.91764 74.04439 72.96552 51.40233 26.71852 38.6437 51.79057 51.79057 55.87903 84.20894 85.97559 84.4115 85.06293 82.11051 82.11051 77.63364 69.6902 60.92916 65.04918
