data/polds90g.asc
ncols         288
nrows         192
xllcorner     13
yllcorner     48
cellsize      0.0416666666667
NODATA_value  -9999
[rows 87 to 115 of 192, columns 198 to 263 of 288]
788.3253 685.7473 112.0502 60.21246 71.86975 62.92547 75.8331 39.96679 43.87051 48.7341 49.32891 48.9609 45.3419 40.89768 39.58516 40.51484 44.49826 47.87695 106.7715 55.39185 47.00586 44.14283 42.67393 40.63155 41.44129 41.17242 40.85304 40.69279 40.69279 40.69279 39.2377 36.53157 36.09386 36.09386 36.09386 38.75377 41.86765 37.41647 32.19869 31.2812 29.80014 21.40512 16.30292 15.98476 15.98476 15.98476 15.98476 15.98476 15.98476 -9999 -9999 -9999 -9999 -9999 -9999 -9999 -9999 -9999 -9999 -9999 -9999 -9999 -9999 -9999 -9999 -9999
495.3674 215.5689 60.71735 57.98458 55.18209 55.17144 54.71807 54.69108 51.3838 49.33628 49.33628 47.67342 42.27749 38.62376 38.62376 39.09061 40.25771 43.64772 48.37066 48.80703 45.19848 43.94723 41.65881 42.58266 44.20649 42.62173 40.38019 37.97591 37.94375 37.48709 36.44859 36.65713 36.68989 36.91505 38.0268 41.02223 42.2865 42.2865 33.36115 30.84979 30.84979 30.8023 30.37376 19.11082 17.38717 15.98476 15.98476 15.98476 -9999 -9999 -9999 -9999 -9999 -9999 -9999 -9999 -9999 -9999 -9999 -9999 -9999 -9999 -9999 -9999 -9999 -9999
421.1656 251.7167 170.2753 157.8292 113.9129 64.24178 54.69954 54.69345 54.96402 54.55755 53.08098 57.45332 66.84934 46.21863 42.23506 42.07918 42.12673 42.12673 42.20461 45.74102 46.48706 46.48706 46.46251 47.52554 47.58413 47.58413 43.55017 37.56086 36.73529 38.51363 36.67764 37.01794 37.02085 37.15705 74.06522 87.32095 70.81711 42.63271 42.27386 35.67432 30.84979 30.84979 30.84979 28.32854 35.86955 40.6005 42.20439 -9999 -9999 -9999 -9999 -9999 -9999 -9999 -9999 -9999 -9999 -9999 -9999 -9999 -9999 -9999 -9999 -9999 -9999 -9999
629.605 387.5067 161.1812 158.2749 105.3087 98.43591 89.88785 85.54669 70.50569 61.08934 58.05859 59.24284 71.24717 71.24928 63.25092 57.40414 48.91729 45.94415 44.16879 48.19188 47.7909 46.48706 49.99772 70.9135 61.95995 61.79578 63.05244 50.06068 44.25927 43.06812 41.13941 41.08586 38.47864 73.01109 95.31605 105.8228 105.8228 73.27937 43.29177 45.63343 43.32533 38.51035 35.42051 40.17516 46.69824 45.84333 44.98298 44.98298 44.98298 44.98298 44.98298 -9999 -9999 -9999 -9999 -9999 -9999 -9999 -9999 -9999 -9999 -9999 -9999 -9999 -9999 -9999
196.8234 73.67764 81.34575 129.4218 99.09245 99.40417 435.6226 1564.055 437.1613 103.5762 76.61601 64.97078 70.05278 68.62115 67.88948 69.06051 59.7244 57.36984 57.36984 57.36984 57.31075 63.04661 80.84233 788.5975 1364.224 653.2715 98.11823 98.11823 55.25863 43.08409 43.08409 43.09799 43.57294 54.67613 79.90149 100.6767 105.6614 75.9878 48.2239 45.92208 45.92208 46.20217 46.65819 47.11215 46.67813 45.32622 44.98298 44.98298 44.98298 42.79614 41.24615 27.70669 28.22967 52.5891 52.5891 -9999 -9999 -9999 -9999 -9999 -9999 -9999 -9999 -9999 -9999 -9999
486.7336 500.9387 281.8823 77.02865 80.36536 97.57867 282.8509 231.4206 101.8723 88.58647 72.58067 72.66045 70.76484 65.57438 65.54946 65.14516 60.30394 57.36984 57.58776 57.75518 58.04154 60.92094 75.53 708.7836 1431.729 908.1056 95.01045 78.93417 49.6328 44.91547 43.08409 43.33985 44.79443 44.99802 44.99802 44.89423 52.05944 31.47466 32.92922 41.26065 46.05539 48.61053 49.17902 48.65984 47.77449 46.52597 39.68886 34.27887 28.48366 27.40003 27.04437 25.9227 36.84912 50.14299 52.38916 52.5891 -9999 -9999 -9999 -9999 -9999 -9999 -9999 -9999 -9999 -9999
894.6743 749.5557 353.51 100.0331 79.846 76.42513 77.76503 68.57467 67.16183 67.16183 68.53985 72.66044 72.66027 67.15549 65.54946 65.54946 64.10423 57.22768 56.41492 58.52364 58.82831 58.82831 60.41946 55.20929 52.81223 51.90207 50.12849 49.9475 49.9475 49.94193 49.30917 49.26935 49.18675 45.65776 40.67596 33.99195 30.74936 30.08014 30.08014 31.85459 34.87246 47.57063 48.62384 47.35154 44.28259 38.04165 34.89506 29.2459 26.79046 25.9227 27.11343 28.3028 30.34096 31.6183 49.10415 52.5891 138.4709 629.2091 -9999 -9999 -9999 -9999 -9999 -9999 -9999 -9999
199.5454 196.196 125.3128 114.865 82.39673 74.7303 74.73024 72.33765 67.21152 67.15701 65.31341 63.98884 56.73022 55.17445 64.85172 62.57948 52.65466 46.48579 46.46842 50.21863 58.81884 58.80996 58.70134 48.9215 46.0099 46.0099 46.64802 49.94709 49.9475 51.89638 52.12489 50.15462 49.9475 49.58558 39.75594 39.70732 38.32332 38.53786 36.64217 34.02095 35.46866 35.87559 35.71276 35.46866 370.1032 443.232 387.0813 57.10273 35.10575 33.32147 31.21478 31.6183 31.6183 32.68171 52.48648 52.5891 299.2269 241.5738 -9999 -9999 -9999 -9999 -9999 -9999 -9999 -9999
199.4469 179.7164 121.0956 95.8857 79.68111 84.39342 84.62728 108.751 83.4977 66.31417 57.6311 53.66329 53.64991 53.64991 53.77488 47.5197 46.46842 46.99847 49.44328 49.95752 57.93399 55.73677 54.15757 48.4426 47.60084 49.21272 46.38076 50.15973 52.04296 54.91068 54.96494 54.82393 53.03809 41.85345 39.70732 39.70732 42.95859 39.70732 39.70732 39.18263 32.64098 33.59033 34.58975 162.8842 1034.463 1063.715 809.9526 57.1743 35.33615 32.01685 34.99723 32.38602 35.09465 37.27953 52.05591 51.38994 47.35041 51.53669 49.59134 -9999 -9999 -9999 -9999 -9999 -9999 -9999
125.473 69.39556 83.1356 64.17216 62.29459 89.43997 116.7756 124.8371 95.27073 67.35361 67.3156 65.39363 60.53463 61.04118 64.41609 54.18036 103.3959 88.47781 55.91028 55.91028 55.67779 52.70015 51.32269 51.05084 51.05084 51.05064 50.9395 51.13813 52.07051 54.96494 54.96494 55.32852 56.68501 43.21167 39.70732 156.4665 707.6307 594.9418 39.70732 36.00718 27.29057 27.139 32.03652 35.06219 53.658 44.82138 34.60913 35.49247 40.75546 44.89596 46.00544 46.0316 46.3034 46.09689 38.74829 32.44959 32.25369 32.89944 32.3122 -9999 -9999 -9999 -9999 -9999 -9999 -9999
97.21039 62.74657 62.66814 62.46452 65.08348 100.6525 110.5768 95.56971 126.3603 91.92353 69.34832 67.13774 66.67149 66.87884 65.89689 57.16161 84.71435 105.4232 55.91028 55.916 57.8554 60.56695 61.07889 53.26814 51.05084 83.66531 696.1147 783.4119 304.9651 53.66137 53.19037 56.7552 60.5645 55.45008 51.60866 53.38344 44.83029 29.06596 31.65977 29.38143 27.139 27.139 27.3392 30.69428 31.76095 30.73924 31.85658 34.26134 41.02547 45.43464 44.48742 40.64179 41.80144 45.52158 40.7373 32.29288 32.25369 32.25369 -9999 -9999 -9999 -9999 -9999 -9999 -9999 -9999
68.16562 53.90995 52.53902 52.11238 73.52454 80.36652 83.88802 126.3539 575.1053 526.395 92.92352 67.94813 65.61687 65.49763 65.49763 59.82573 49.96384 50.41837 52.14589 58.00704 60.91717 62.76623 62.76623 62.72494 55.44682 60.67213 338.9721 326.2459 51.05084 51.49804 51.79739 55.27223 60.54766 60.5645 60.5645 60.5645 39.98133 27.139 27.139 27.139 27.92063 33.15513 34.69415 31.82613 32.36337 31.04722 30.73924 30.73924 30.73924 31.60743 28.07656 24.6126 24.48956 28.19423 33.16454 32.14013 32.25369 32.25369 -9999 -9999 -9999 -9999 -9999 -9999 -9999 -9999
74.61737 44.65771 43.13813 43.13774 43.18433 54.92375 80.3241 81.65221 83.88291 95.12796 68.64471 68.26031 69.22482 73.63556 64.59698 52.42145 48.75225 47.17183 47.1917 51.8717 60.15787 64.09756 62.87854 62.76623 62.76532 60.30158 59.21611 56.16005 55.16604 55.89518 58.99133 57.96842 53.42817 54.62548 59.83583 52.85728 29.6626 38.39407 40.04615 35.3852 39.52799 40.71635 40.71115 35.79165 34.09681 33.89507 32.54552 32.74718 31.27554 30.09183 24.95677 24.48956 24.48956 24.48956 24.77769 31.78547 32.25369 32.25369 -9999 -9999 -9999 -9999 -9999 -9999 -9999 -9999
74.25648 49.01995 48.66424 46.28285 43.33381 46.73983 63.50055 80.31564 120.4359 64.73308 72.4651 73.04647 79.44647 94.94939 94.39436 94.91887 81.3688 47.25826 60.77339 67.81185 67.81772 67.81772 67.52197 66.85199 67.3505 67.96854 67.13811 60.4503 58.7733 59.01603 57.70963 53.26393 92.75255 192.1572 56.89873 46.65984 42.24329 47.71648 44.25775 40.97541 40.71635 40.71635 39.86469 34.14846 34.14686 34.186 34.20057 34.13653 28.18977 24.59891 23.73628 24.25706 24.45005 30.54375 38.99086 38.52961 38.52158 41.09417 -9999 -9999 -9999 -9999 -9999 -9999 -9999 -9999
37.44609 48.04337 49.01995 49.01656 46.04323 47.31091 51.3214 94.86044 196.6766 95.51112 88.7395 90.7729 84.59455 80.78443 78.22499 72.4179 61.94669 54.34531 57.84565 62.2557 67.81773 67.59058 65.04458 65.7668 67.66337 69.50675 69.50675 67.35164 57.09355 55.40518 54.18061 52.54924 548.3406 552.3293 52.98947 49.00464 47.71888 47.71888 47.70772 44.70543 39.82361 39.47329 38.69116 34.92538 34.81953 34.21691 34.21691 34.13821 25.73862 22.83809 22.83809 22.83865 23.77243 32.25168 39.6563 41.09417 41.09417 41.09417 -9999 -9999 -9999 -9999 -9999 -9999 -9999 -9999
29.73324 34.33227 47.92967 48.99622 46.97806 45.74566 45.87135 47.0389 63.11529 90.77438 90.83038 76.15034 55.04095 55.04095 55.1129 55.26992 55.27426 55.27426 55.27426 61.78988 65.86761 63.19817 60.52936 60.52936 60.36983 62.19175 63.65315 66.64133 58.50515 56.14439 56.14439 55.09584 58.56517 65.8492 50.12219 47.73692 47.71888 45.15665 42.47346 40.28312 39.07737 40.21317 42.90813 43.22219 43.27109 38.68592 33.14458 33.04699 29.8484 23.10585 22.83809 24.13988 27.92473 28.85787 29.90297 29.90305 -9999 -9999 -9999 -9999 -9999 -9999 -9999 -9999 -9999 -9999
37.43707 41.27462 45.13234 69.60897 116.4113 55.88391 45.74566 45.74566 45.82819 59.07505 69.27209 57.27468 55.04095 55.04095 67.13613 114.2538 98.9855 92.47736 93.55478 81.22081 63.76923 62.59148 60.53031 60.45013 59.37671 58.78785 59.34333 67.84991 70.1368 64.63848 57.03391 54.06782 49.47786 48.06192 47.99964 47.90956 47.68948 42.03996 55.01078 51.77321 53.59511 65.8392 54.82497 43.2732 43.2732 31.45034 21.84354 20.80806 22.97897 22.53567 25.53384 28.13596 28.85787 28.85787 28.85787 28.85787 -9999 -9999 -9999 -9999 -9999 -9999 -9999 -9999 -9999 -9999
44.67301 44.94455 51.96147 127.7835 134.403 130.5105 131.571 86.09132 45.78856 60.1803 63.7552 56.90332 61.14931 65.04199 118.1704 145.5903 145.5903 145.5903 137.0217 78.72631 63.12461 61.74624 54.10511 54.93774 56.16865 52.94943 67.14812 71.09763 70.08105 68.79448 55.82128 45.76624 47.32796 48.06192 48.12928 48.54975 48.67266 48.67266 98.05711 109.0481 109.0481 109.0481 74.75125 29.0946 25.42696 21.97142 20.76248 20.63255 19.90918 19.26784 18.59112 25.22281 28.09982 27.78279 27.39689 27.61867 -9999 -9999 -9999 -9999 -9999 -9999 -9999 -9999 -9999 -9999
44.94455 44.94455 44.94455 69.6041 119.3913 134.403 134.403 134.403 124.7874 100.5237 72.80703 70.4258 72.46144 73.63943 229.7918 278.1478 186.5482 141.8762 98.36217 59.17636 52.76436 52.12654 51.74509 51.77856 51.92309 53.74741 63.96405 62.82365 53.89381 51.60766 50.50059 45.13796 44.99157 46.45807 48.01252 48.67266 48.67266 57.93556 101.9089 90.69296 44.29189 40.3411 26.25835 23.31244 23.31244 23.31021 20.07282 16.99265 15.39874 15.27063 15.27063 21.34074 26.09867 26.14314 26.09073 26.09073 -9999 -9999 -9999 -9999 -9999 -9999 -9999 -9999 -9999 -9999
56.88821 50.59652 44.88277 49.88031 117.0446 129.7839 112.986 134.3555 134.403 122.7443 84.82362 72.30103 72.28519 118.8445 431.4052 364.0596 145.6023 101.3263 53.80183 53.55283 52.96267 52.99495 53.47174 53.52196 54.35196 54.6143 54.6143 53.45996 51.63043 51.60766 51.60766 49.58738 44.91161 50.09351 63.24697 62.07028 61.85986 100.0725 109.0481 39.56544 23.50939 23.31244 23.28922 21.92471 20.80755 20.15091 19.57143 19.25711 15.38765 15.27063 15.27063 15.27063 19.24224 35.42673 239.6745 407.1357 -9999 -9999 -9999 -9999 -9999 -9999 -9999 -9999 -9999 -9999
64.96117 53.39275 42.85971 44.82463 92.9527 57.64162 42.83407 81.09676 109.4652 94.83556 76.10046 74.53335 67.99361 62.82692 72.49117 117.9428 69.20551 56.24739 54.56005 54.55413 54.17188 53.62579 53.55463 53.59067 54.43239 54.57355 54.58894 55.14925 54.42099 53.03063 52.89743 55.89332 57.7137 63.46185 66.93903 66.93009 67.7496 83.14193 70.08831 41.34737 33.15686 30.08085 22.57576 19.54507 19.54507 19.54507 20.00697 20.75112 19.81203 18.49623 15.8174 15.27063 15.63108 114.5051 408.5666 143.9272 26.09073 -9999 -9999 -9999 -9999 -9999 -9999 -9999 -9999 -9999
53.7381 42.99039 42.81431 43.014 734.2728 625.2311 50.35595 74.67419 75.83425 72.1111 69.22077 59.11249 57.72461 57.4637 60.52692 66.08749 400.994 348.4897 62.16637 56.34281 54.58405 61.63889 67.20126 53.84156 53.84638 53.84571 54.21294 57.07219 59.83753 59.84179 59.44804 149.8571 821.9072 193.5958 64.82331 63.14389 51.23277 51.00636 51.00636 43.68939 34.07452 31.36645 21.13442 19.54507 20.14954 19.93414 20.48585 21.23916 20.90274 20.80312 19.16548 19.73865 21.05006 25.68982 26.09073 26.09073 26.09073 26.09073 26.09073 -9999 -9999 -9999 -9999 -9999 -9999 -9999
214.6592 121.1018 86.26182 221.4213 257.654 44.19079 68.42618 73.29566 60.22457 58.31985 58.31985 58.25266 57.66238 59.30662 62.30463 66.08749 470.7373 1041.848 446.0649 94.74058 94.11594 91.88253 86.91312 78.59309 61.16023 63.03716 62.41463 61.44196 59.83103 59.33629 58.96362 58.35271 626.5175 216.8352 61.76968 61.83744 60.09011 53.85203 51.00636 40.44813 34.07452 27.95941 24.58833 21.67966 24.18149 24.24698 24.24698 24.24698 23.55225 20.80323 21.94414 23.52931 23.7904 24.34147 24.86222 25.65347 26.47726 27.96356 29.29187 -9999 -9999 -9999 -9999 -9999 -9999 -9999
116.0114 119.8751 124.6168 117.6736 69.61269 72.64259 84.9244 91.33024 83.34034 81.29654 65.82037 57.18224 58.43643 64.76701 64.12427 63.11908 252.9924 985.1249 431.9142 102.0573 101.6252 91.10227 86.91312 82.09618 79.34008 88.53552 88.93087 74.43347 76.75739 81.78941 63.21008 67.81918 63.775 59.37465 60.08214 63.64841 66.60953 57.24925 48.40628 42.10045 37.1155 38.54981 39.6148 35.67071 25.45149 24.24698 24.24698 24.24698 24.04542 23.61469 23.77977 23.77977 24.36969 26.6076 24.88317 28.91925 29.67941 31.71917 31.71917 -9999 -9999 -9999 -9999 -9999 -9999 -9999
81.45177 90.43502 92.43909 84.84188 77.09055 73.99243 83.31533 91.73258 91.73258 87.03179 64.13127 53.3434 53.3434 53.11118 45.72116 43.67477 44.33433 95.40843 119.1115 98.98908 89.50407 86.27699 109.3093 112.5975 81.60767 88.85365 88.93087 88.883 94.52096 98.03318 98.36747 95.38743 99.00948 92.33854 76.35819 68.55914 68.55914 57.46257 95.4142 74.46253 99.33495 40.23644 44.36881 50.13632 45.67664 43.7325 38.8672 27.77223 26.66418 33.79673 29.24762 29.46943 29.89245 32.84814 31.85813 31.71917 31.71917 31.71917 31.71917 -9999 -9999 -9999 -9999 -9999 -9999 -9999
72.58591 72.89394 70.3764 62.43271 65.13129 67.46311 70.69896 90.95326 91.73257 88.15056 54.504 53.34339 53.34339 50.35889 44.33589 58.90437 91.74139 98.08656 100.4793 92.3997 79.37005 80.50945 161.4089 183.6918 147.7094 86.72273 87.12886 87.31997 86.65141 86.56689 95.35089 99.00946 95.89647 129.5936 80.884 72.32527 93.32053 284.4146 336.0223 332.7534 195.3029 53.15388 53.29938 50.7265 49.57255 49.57255 49.57255 44.98834 39.45098 40.05652 36.02958 34.24034 34.24034 34.24034 33.6881 32.60884 31.731 31.71917 31.71917 -9999 -9999 -9999 -9999 -9999 -9999 -9999
72.58591 72.20072 58.67754 52.68167 52.68167 50.95107 49.50341 48.91693 58.67609 60.5662 34.95817 39.01146 44.871 51.59039 58.8958 66.24916 80.17061 69.6032 73.84155 80.46429 136.7993 99.87825 120.21 146.7515 136.9493 92.25875 90.23454 91.94217 89.02173 978.9202 2087.637 2090.995 2033.354 1045.778 81.06971 75.21062 115.9651 159.986 261.837 176.8006 96.85082 60.32847 54.1526 51.56898 49.57255 49.66607 49.87935 43.09289 40.05652 40.05652 39.64214 35.91002 34.24034 36.1048 40.94536 40.46267 38.84492 39.22021 41.03594 46.71361 -9999 -9999 -9999 -9999 -9999 -9999
68.48071 68.71452 59.78745 57.1196 50.71838 46.08982 45.75797 45.75797 45.75797 50.62243 55.72938 34.7539 34.7539 49.06918 65.19132 66.21533 68.06194 69.26272 70.92681 150.057 197.9894 148.6765 77.4173 75.57397 74.65434 77.38624 97.39606 101.0785 115.3666 1449.148 2452.295 2465.175 2424.17 2182.977 1514.347 419.3411 76.55582 76.55582 77.67773 78.45361 78.27513 78.1124 76.41611 61.27381 50.3893 50.43139 50.60659 45.29455 43.08842 40.34165 39.81654 38.20052 34.24034 41.17728 54.64802 47.29362 46.76523 46.74161 45.23689 41.21778 40.64777 -9999 -9999 -9999 -9999 -9999
65.38412 65.38412 62.94523 59.06003 50.29034 49.03568 68.35228 90.53159 88.25582 93.779 90.52574 53.54132 45.17438 49.22477 50.36633 57.25032 84.04438 86.54193 106.8974 192.8306 196.6709 162.6176 98.30196 99.13988 100.5188 101.0918 100.8273 99.58908 100.2726 437.505 2255.147 2080.845 1512.011 115.1636 608.3063 80.4669 72.18697 74.08837 72.79633 79.57877 91.53959 104.9234 93.64868 51.67806 50.63258 50.63258 50.89514 51.50362 50.90777 51.33321 50.9296 55.07034 48.31927 52.47954 52.64681 48.64449 43.90061 43.10405 41.31586 40.64777 40.64777 40.64777 -9999 -9999 -9999 -9999
