data/polds00g.asc
ncols         288
nrows         192
xllcorner     13
yllcorner     48
cellsize      0.0416666666667
NODATA_value  -9999
[rows 58 to 86 of 192, columns 198 to 263 of 288]
21.82783 21.82949 22.61345 22.45747 24.67436 27.02341 27.02341 29.05287 31.58546 36.82136 49.80513 49.80513 49.80513 49.80513 49.80513 49.80513 42.61395 30.73273 30.73273 30.73273 30.73273 35.79364 48.02696 61.93982 62.62601 62.40868 61.42855 46.15064 27.05293 20.67146 20.67146 20.67146 20.67146 20.51236 17.94585 15.5375 14.62041 14.62041 15.83944 27.07552 32.56722 32.84571 31.00023 30.96817 30.96817 30.96817 30.96817 30.96817 37.97828 51.40873 47.07665 32.24027 25.67729 23.9748 23.9748 26.77029 35.13591 35.51609 -9999 -9999 -9999 -9999 -9999 -9999 -9999 -9999
23.70337 23.99086 25.29208 25.29208 26.96404 42.28642 42.30486 45.50475 49.80513 49.80513 49.80513 49.80513 49.80513 49.80513 49.80513 49.80158 37.361 31.49948 30.9931 32.01004 30.50219 33.05727 32.79435 36.42329 45.94016 38.22185 38.80448 35.93842 29.627 22.00587 20.67146 20.67146 20.67146 17.0549 14.62041 14.62041 14.62041 14.62041 15.67602 27.46479 33.05977 33.05977 32.84101 31.80713 30.95725 30.75527 28.71769 26.39818 26.47902 27.22452 23.9748 23.97203 23.9748 23.9748 27.80622 34.74155 35.51609 35.51609 35.51609 -9999 -9999 -9999 -9999 -9999 -9999 -9999
25.29208 25.29208 25.29208 25.29208 25.9598 29.47799 33.57664 39.78167 38.005 35.86509 30.94229 32.69812 37.69725 44.68956 48.95668 41.76512 32.60966 32.60966 32.55816 32.19249 30.0707 28.65902 28.65902 29.2636 35.39574 35.75326 34.59512 34.58538 28.93108 24.94832 24.28346 23.71221 21.55546 14.62043 14.62041 14.62041 14.62041 20.44363 14.62941 28.83224 33.05977 33.05977 33.05977 32.20745 30.92666 30.40526 24.58778 22.71812 22.71812 22.83316 23.16212 24.60637 37.26607 54.8806 63.75461 37.32052 35.51609 35.51609 35.51609 -9999 -9999 -9999 -9999 -9999 -9999 -9999
28.96449 27.68293 26.65653 31.39452 39.99097 39.53785 32.50022 32.50022 30.54139 25.98006 25.53223 25.53223 26.13227 31.71274 32.60966 53.65081 140.5571 32.60966 32.60966 32.6579 28.88058 30.16031 33.87624 30.4001 33.66407 28.6404 27.25824 27.41656 27.25824 27.25824 27.05041 19.26618 20.91348 30.70122 18.87107 58.08659 90.72955 100.8786 79.07198 56.86268 37.50178 34.38552 34.52647 32.79594 30.92666 30.92642 24.98801 22.71812 22.71812 22.71812 25.0245 72.55286 90.47425 90.47425 90.47425 85.53624 81.02531 57.41391 49.34972 90.42076 -9999 -9999 -9999 -9999 -9999 -9999
48.33881 48.51435 48.69595 48.82946 48.82946 43.22818 32.50022 32.50022 32.49296 29.10181 25.53487 25.53223 25.59621 29.1186 32.60966 187.829 402.8481 161.4079 32.78534 36.94371 40.26154 40.39756 40.39805 40.11271 34.5066 30.97297 29.25426 27.25824 27.25824 27.25824 24.51033 14.80841 14.81693 53.01568 62.02214 86.479 101.1299 101.1299 101.1299 93.80307 43.61324 36.05197 35.44454 34.54798 32.37652 31.82869 31.73598 27.96209 23.30434 32.39933 64.31622 77.26791 90.47425 90.47425 90.47425 90.47425 84.98254 66.78484 44.79782 21.40934 -9999 -9999 -9999 -9999 -9999 -9999
47.21668 48.82946 48.82946 48.8276 47.93372 43.94139 32.56046 32.50022 32.50022 31.68947 26.33197 25.53223 25.53223 27.51209 32.5528 32.72405 62.36927 35.12791 37.05932 39.45681 40.39038 40.39805 40.39805 39.86891 33.64779 33.15743 32.93617 32.78628 31.87662 28.28914 15.66568 14.83826 14.83826 14.83826 14.83826 26.6224 77.50542 99.14421 71.14858 60.04875 40.49068 40.0733 36.99061 36.47357 34.35901 44.35825 57.84697 58.17703 57.05068 63.03569 83.29367 90.47425 90.47425 90.47425 90.47425 88.5447 49.67516 12.53026 12.53026 12.53026 12.53026 -9999 -9999 -9999 -9999 -9999
48.44452 46.37966 46.13197 46.12414 42.67244 41.54929 32.55847 32.50022 32.50022 31.15962 27.61014 25.09756 23.83552 24.98563 26.46067 34.58994 37.38441 37.38441 37.38441 37.38498 39.08242 42.90832 42.14908 39.29015 37.7053 37.67715 37.67639 37.7053 37.7053 20.13558 14.83826 14.83826 14.83826 14.83826 14.83826 16.1832 46.91182 46.45789 40.37646 40.47787 41.69414 40.5097 41.13501 44.66483 52.32558 57.83892 58.17703 58.17703 58.17703 58.17703 60.48482 80.55801 87.64189 31.21617 22.192 13.6756 12.58608 12.53026 12.53026 12.98179 21.18423 -9999 -9999 -9999 -9999 -9999
37.58389 43.93339 42.64434 42.64434 42.64434 42.63762 39.63957 36.19131 38.55441 34.48404 23.32835 23.32835 23.32835 23.32835 23.59935 34.96888 38.27637 37.39556 42.1202 42.79361 41.70465 49.89168 49.51792 42.25639 38.28463 37.69765 37.45263 36.80888 35.4809 16.85234 14.83826 14.83826 14.83826 14.83826 20.97029 29.12957 40.29874 40.29874 40.29874 40.46186 45.55182 49.03137 49.09087 50.6647 71.09441 80.22938 75.24207 70.56349 62.42008 58.90863 60.43464 67.76028 65.41066 28.15972 16.18942 12.53026 12.53026 12.58076 15.52165 18.63074 23.25708 23.39001 -9999 -9999 -9999 -9999
35.88472 41.51355 42.64434 42.64434 42.64434 42.64434 42.41175 42.01424 41.78325 39.3228 25.16335 23.32835 23.66672 30.85742 35.69111 39.25674 39.21449 41.13689 114.2221 195.7928 49.92696 49.92696 49.92696 49.92696 47.26643 34.94013 33.92379 33.64239 26.50126 17.43411 17.60129 16.29103 16.66506 29.70024 33.28961 33.6685 36.71995 38.02295 37.00452 43.15616 51.25625 50.6647 50.6647 50.76147 85.56451 94.68034 94.68034 94.68034 91.16305 78.44508 64.13035 63.80904 63.80904 44.60782 18.76569 12.5314 12.53026 15.30938 23.12884 23.39001 23.39001 23.39001 23.39001 -9999 -9999 -9999
35.62594 35.98595 39.43134 42.6417 42.54229 42.25219 41.44634 41.40847 41.40847 41.40847 30.85849 26.37964 33.28111 38.54053 39.09392 39.25674 40.83997 45.3696 837.7823 2075.867 488.8201 49.92696 49.92696 49.06525 39.52778 33.64239 33.64239 33.09821 32.2709 28.97363 26.82324 26.82324 26.69993 29.18716 33.33982 33.45591 33.45591 33.45591 33.45591 52.39582 64.0472 59.72632 52.88987 146.0707 345.571 721.5541 851.6946 158.4105 64.33325 63.80904 60.18434 41.5542 20.13997 14.45666 14.519 14.41163 13.93878 13.7782 16.83946 23.28813 23.39001 23.39001 23.37994 23.35583 -9999 -9999
35.62594 35.62594 37.11068 42.00121 41.43732 41.62056 41.59262 41.40847 41.40847 41.40847 45.81253 38.1122 38.01752 38.01752 38.03036 37.79727 38.91803 44.64757 552.0394 721.1962 345.7166 47.90697 48.89069 49.77961 45.16855 33.55349 32.60582 31.25849 31.1955 31.05282 27.9094 26.84594 26.95428 28.2055 32.41624 33.45504 33.45591 38.24785 51.27987 65.93543 75.49249 75.49249 73.56506 1041.391 2916.192 3130.065 3193.739 2097.375 63.80904 63.80904 56.57475 14.74872 14.61683 15.26796 15.65809 14.61683 14.61683 14.61683 14.61683 17.38773 16.86643 17.84359 16.07961 15.00004 14.61683 -9999
38.99604 42.32717 43.65742 43.65865 43.54339 43.50977 70.36738 775.1298 1009.014 322.0437 65.4647 59.17353 42.38129 35.25653 37.71932 36.29556 35.48503 39.89435 41.06034 37.37957 38.49891 44.84658 45.48808 45.63935 43.19983 34.53869 31.1955 31.1955 31.1955 31.1955 31.1955 29.62682 28.95937 30.14233 30.14236 30.35168 32.50286 58.91077 75.49249 71.35168 64.97811 67.87492 72.11007 244.6092 1486.093 2929.808 2716.879 762.8489 51.17374 51.22037 39.61799 33.34876 21.20476 19.96109 19.2437 15.3189 14.61683 14.61683 14.61683 14.61683 14.61683 14.61683 14.61683 14.61683 -9999 -9999
39.63517 37.45176 41.92863 43.65865 43.65865 43.65865 83.55851 940.5226 1290.642 143.8496 58.26968 42.47165 33.27927 32.97443 33.9812 34.22736 34.75486 35.48503 35.48503 32.2537 36.65146 37.51747 42.44956 34.30047 32.02742 32.09854 32.2107 31.9655 31.35735 31.25418 31.45262 30.78088 30.14233 30.22885 35.51945 36.89254 42.40915 48.80983 105.0299 162.3105 93.9884 36.67365 38.48468 37.88395 67.39748 71.48531 70.71529 37.55414 33.62726 33.62726 33.62726 33.62726 33.62726 27.71218 19.5422 19.11764 18.80955 16.84816 14.61683 14.61683 14.61683 14.66389 16.18143 18.84855 -9999 -9999
29.24094 29.24094 29.38697 34.0582 41.22852 43.65865 57.44368 65.51221 65.51221 53.49929 34.25355 32.97443 32.97443 32.97443 32.91896 34.66533 35.38214 35.48503 35.22568 30.89197 29.4003 29.4003 29.4003 29.4003 92.50399 32.33058 33.12452 33.0222 32.28914 31.88654 31.89501 31.50642 31.83616 37.13397 42.65125 42.65125 90.73302 176.1687 191.8723 191.8723 144.7571 38.71894 36.33119 39.9167 56.19966 70.85609 70.34667 35.83423 33.62726 33.62726 33.62726 33.62726 32.34557 20.50314 19.52962 19.52962 19.52962 19.31303 17.7794 17.74319 15.51489 17.23932 19.52962 19.52962 19.52962 -9999
29.24094 28.75044 27.17339 25.36898 25.40995 33.24902 47.58901 53.45994 50.01818 32.69216 32.68118 32.62483 32.6109 32.63389 32.52745 32.98562 34.04924 36.40364 33.73811 29.53102 29.4003 29.4003 41.69229 1021.536 570.491 29.95587 33.33912 34.06779 33.39206 32.71668 32.32153 32.44043 34.99466 39.84451 40.75259 42.65125 92.67396 183.4608 187.5842 183.5444 84.78557 33.25829 35.03802 42.76102 69.91883 70.85609 68.08138 37.67309 33.62726 33.62726 33.48936 31.5243 29.66739 21.97674 19.40553 19.41855 19.47193 19.52076 19.52962 19.52962 19.48694 19.52962 19.52962 19.52962 19.52962 -9999
25.23733 34.54261 45.71272 30.75244 38.7942 40.03539 41.43052 41.43052 41.25763 34.38714 32.49704 32.49704 32.49704 32.51363 35.71981 37.94957 37.53055 37.93931 35.62152 33.06181 31.84934 33.95167 30.74976 83.22607 182.1119 29.4003 33.0049 35.39054 35.39054 162.2661 396.512 47.07716 37.11861 37.5998 41.33895 40.25731 37.3225 34.35893 74.30851 116.9508 28.97478 28.69476 30.43725 29.45615 55.87017 70.85609 68.72222 50.64118 33.62726 33.62726 33.23175 19.67491 19.20507 19.19815 19.19815 19.20905 19.23252 18.91659 16.78877 15.5856 16.28131 19.02568 19.52962 19.52962 19.52962 -9999
25.84252 54.82845 56.49617 56.9175 51.62432 41.93643 41.43052 41.43052 41.18818 40.75053 39.19092 37.46325 37.41508 45.87312 42.45347 37.97597 38.01637 37.95728 36.64414 34.42751 34.42751 34.42751 33.75497 30.47371 30.51365 33.97371 44.93521 38.98348 37.55676 125.3124 150.6292 38.76142 45.64465 39.86695 38.66121 37.14796 34.45614 34.35893 34.04597 33.72752 28.85925 25.81384 26.33685 26.46678 26.76442 27.40625 31.88555 34.70955 23.24878 26.86284 27.36129 21.22233 19.49463 19.19815 19.19815 19.19815 17.9505 16.50005 13.42767 13.42767 13.42767 13.72856 14.39502 15.35667 13.42767 -9999
26.24358 28.34032 28.17017 43.46009 48.54613 41.43052 41.43052 41.43052 41.51314 40.46842 40.45019 40.45019 43.05444 48.54061 50.33947 47.3409 46.76371 45.9155 46.81692 35.13973 35.25819 35.12735 35.46487 36.30036 39.65939 50.70779 54.36854 52.76696 47.80938 47.7916 47.7916 47.7916 47.55079 39.60059 38.66121 38.66121 35.58229 30.16273 28.07952 25.93704 25.66979 25.66979 25.66979 25.66979 21.69747 18.90412 18.90412 18.90412 18.90412 18.95794 20.81214 21.5065 20.83838 19.85848 19.46703 18.65858 16.36019 13.42768 13.42767 13.42767 13.42767 13.42767 13.42767 13.42767 13.42767 -9999
31.46798 26.48979 26.48912 26.48912 29.33669 37.92904 43.7384 44.16083 46.07887 44.83717 41.20725 41.50939 47.53045 48.54061 555.7052 757.4165 75.86762 48.54061 48.54061 40.889 36.74282 36.62173 36.34724 36.31135 49.01252 54.36854 54.36854 53.28406 52.84221 46.3411 42.95795 47.42535 47.7578 46.03672 41.02611 35.67842 32.47726 40.00135 29.44616 28.45246 25.72414 25.66979 24.29052 22.68238 19.25845 25.5043 96.92354 63.47423 18.90412 18.90412 20.21552 22.0398 21.89928 22.0398 18.57812 15.72907 15.10377 13.45709 13.42767 13.42767 13.42767 13.42767 13.42767 13.42767 13.42767 -9999
32.59886 34.56446 39.81818 39.61515 37.03437 46.80003 47.68861 47.68861 47.68861 47.68861 47.77793 47.0564 48.09559 47.8507 132.8059 288.9261 189.2343 72.62621 71.51682 46.67315 43.77879 44.52166 45.76888 48.85832 51.03045 45.70721 43.77382 35.23497 34.79649 39.78082 39.80821 40.46577 40.1974 40.83398 37.92272 31.33098 33.53318 105.0136 91.27596 52.15026 28.03635 22.4716 18.92307 18.90412 18.90412 191.5411 1019.277 322.4545 18.90412 19.06428 19.36245 21.98304 22.02069 20.83721 15.98488 217.2518 97.55918 15.09155 15.11638 13.81083 13.49311 13.48948 13.49068 13.46247 13.44386 -9999
35.79171 35.82671 39.94544 41.30268 41.40126 46.55845 47.77639 48.00843 48.2284 48.64681 48.30962 39.53074 28.59275 28.99323 27.42279 29.1742 45.51591 93.57262 95.76202 76.30814 56.16435 46.24557 45.479 49.91558 40.45645 35.80769 33.89354 33.80414 36.29409 40.62778 39.9363 40.8299 43.08985 36.11771 34.09546 34.18859 33.46551 50.65193 48.98408 39.26898 30.96127 29.61416 19.59329 19.07666 18.90412 86.50017 340.7432 114.5996 20.7599 22.27342 23.50261 22.47803 17.73169 15.62477 179.683 883.2635 467.825 15.70444 15.70444 13.95871 13.51627 13.51627 13.51627 13.51627 13.51627 -9999
37.31265 39.05389 41.25454 41.30268 41.30268 42.96485 49.73746 50.1751 50.19725 50.16429 48.1016 30.28472 27.93425 31.34508 38.8117 39.31446 65.10451 94.83936 96.23448 78.00018 59.31902 34.15671 30.58356 30.60036 33.15378 34.69041 34.60806 33.81458 39.49548 46.84797 45.86098 47.09353 47.09353 46.52459 42.64038 31.54711 28.26043 30.96127 30.96127 30.869 28.19211 25.27563 22.50787 22.46529 20.70568 18.91826 19.15178 23.19799 23.55718 23.55718 23.55718 20.3622 14.41058 14.43081 42.19886 40.7532 15.70444 15.70444 15.70444 13.97513 13.51627 13.51627 13.51627 13.51627 13.51627 -9999
43.09838 42.87861 73.01652 124.3456 146.499 127.2983 50.19725 50.19725 50.19725 50.19725 56.79524 48.72632 44.96681 44.62056 44.62056 45.90296 66.82315 68.55199 95.35144 44.90547 36.39797 31.43085 26.03235 25.71566 25.71566 29.18624 36.36942 34.87207 37.02029 46.40572 47.027 47.09353 47.09353 47.09353 41.96177 24.66899 24.74564 26.34936 28.13904 25.80268 23.28435 22.52431 22.52431 22.52431 22.52118 22.34646 22.76085 23.55718 23.49901 23.03754 22.93268 16.03189 14.40369 14.40369 14.52207 15.6766 15.67067 15.70444 15.70444 13.97768 13.51627 13.51627 13.51627 -9999 -9999 -9999
47.79344 49.18266 132.6635 224.9122 224.9122 209.2546 132.2495 152.761 103.2262 79.13714 90.84026 83.08636 57.63552 53.56488 42.40521 42.47916 43.44179 40.93005 41.12747 36.92872 36.92872 36.92872 31.77866 29.49806 36.04372 36.17939 38.7644 38.11352 43.7677 38.08686 35.39875 37.50275 39.66489 30.20384 25.22109 24.65622 24.65622 24.65622 25.51424 26.84255 24.28463 23.01868 22.52431 22.47246 22.28992 22.52431 22.83586 23.2166 23.04381 22.46232 21.23229 16.30086 17.23663 16.42008 14.43036 14.40369 14.48575 15.70444 15.70444 13.90711 13.51627 -9999 -9999 -9999 -9999 -9999
49.18266 49.18266 114.4907 206.6141 224.9122 224.9122 224.8735 193.6024 110.8241 93.65631 93.65631 93.65631 93.65631 57.26855 38.95719 38.95719 38.95831 38.83469 37.89869 37.12255 36.92872 36.92872 37.00041 38.22276 38.9415 38.82072 38.80595 38.65614 37.45395 33.17453 30.44773 30.44737 30.44737 28.15565 25.15182 24.65622 24.65622 25.09541 25.77777 26.92601 27.02136 26.83644 19.36637 16.5142 15.63856 17.12437 20.57419 22.45229 23.15238 22.80495 22.97792 27.3193 28.61141 28.09827 15.01524 14.40369 -9999 -9999 -9999 -9999 -9999 -9999 -9999 -9999 -9999 -9999
58.48817 80.75372 93.61674 95.10077 117.1944 113.5006 78.80347 67.66885 71.56335 86.53784 87.35178 93.34827 93.65631 83.74415 45.41793 38.95719 38.95719 38.6953 38.11631 37.91737 37.25179 37.46667 38.20584 39.07948 41.37881 41.35266 40.8527 38.92284 36.69736 36.69736 34.30314 33.81768 33.18239 34.10803 33.23957 26.3089 28.11887 29.90268 29.58751 28.1843 27.64807 28.35265 20.60298 15.68139 15.5862 15.5862 15.60562 16.03343 22.47805 37.68402 40.28363 40.55484 40.55484 40.55484 -9999 -9999 -9999 -9999 -9999 -9999 -9999 -9999 -9999 -9999 -9999 -9999
61.38717 61.91133 61.66448 72.97619 95.30959 107.9294 90.47084 68.51766 68.51766 67.02575 66.37358 64.68469 57.39574 72.47208 48.97585 41.91727 44.64154 42.86861 38.4167 38.10117 38.10471 41.4001 44.45547 42.96214 41.47968 41.47324 39.41896 37.6656 36.69736 36.69736 36.29156 35.91518 35.87876 35.87876 35.87876 33.77264 30.68378 30.68407 39.78045 41.29741 30.68407 28.13432 23.50957 23.11526 20.90629 20.88553 21.18698 19.16048 30.24674 39.3109 40.55484 40.55484 -9999 -9999 -9999 -9999 -9999 -9999 -9999 -9999 -9999 -9999 -9999 -9999 -9999 -9999
102.3725 96.64577 87.63757 144.9396 176.7759 176.7759 129.4474 69.30585 42.18708 31.06768 33.0226 40.43533 39.32745 39.32745 39.32745 39.32804 44.28645 103.3245 190.5824 130.494 45.3309 42.61919 44.99735 160.3857 51.60379 41.0635 37.52049 37.05156 36.82298 36.80098 36.85522 35.96849 35.87876 35.87876 35.87876 35.03414 30.83948 83.84056 379.6494 254.6831 53.41884 26.29329 23.3492 23.50936 23.50936 23.50936 23.50936 23.50936 28.02123 36.22334 40.55484 -9999 -9999 -9999 -9999 -9999 -9999 -9999 -9999 -9999 -9999 -9999 -9999 -9999 -9999 -9999
264.3563 121.319 98.12186 129.7116 170.3114 172.8682 141.9913 35.66277 30.90936 32.38993 35.20447 41.06144 39.32745 39.32745 39.32745 41.76143 47.51189 61.81367 347.7167 236.4862 53.58572 44.99735 44.99735 695.293 662.1155 43.07967 37.65313 37.53426 37.53276 37.53426 37.05029 34.22154 33.88939 34.36794 34.2463 35.43594 31.97205 67.1966 310.581 168.493 27.80045 15.91265 14.97311 17.6607 18.73298 20.03224 19.18387 20.25208 22.16482 23.50936 -9999 -9999 -9999 -9999 -9999 -9999 -9999 -9999 -9999 -9999 -9999 -9999 -9999 -9999 -9999 -9999
