data/polds90ag.asc
ncols         288
nrows         192
xllcorner     13
yllcorner     48
cellsize      0.0416666666667
NODATA_value  -9999
[rows 29 to 57 of 192, columns 198 to 263 of 288]
-9999 -9999 -9999 -9999 -9999 -9999 -9999 -9999 -9999 -9999 -9999 -9999 -9999 -9999 -9999 -9999 -9999 -9999 -9999 -9999 -9999 -9999 -9999 -9999 -9999 -9999 -9999 -9999 -9999 -9999 -9999 -9999 -9999 -9999 -9999 -9999 -9999 -9999 -9999 -9999 -9999 -9999 -9999 -9999 -9999 -9999 -9999 -9999 -9999 -9999 -9999 -9999 -9999 -9999 -9999 -9999 -9999 -9999 -9999 -9999 -9999 -9999 -9999 -9999 -9999 -9999
-9999 -9999 -9999 -9999 -9999 -9999 -9999 -9999 -9999 -9999 -9999 -9999 -9999 -9999 -9999 -9999 -9999 -9999 -9999 -9999 -9999 -9999 -9999 -9999 -9999 -9999 -9999 -9999 -9999 -9999 -9999 -9999 -9999 -9999 -9999 -9999 -9999 -9999 -9999 -9999 -9999 -9999 -9999 -9999 -9999 -9999 -9999 -9999 -9999 -9999 -9999 -9999 -9999 -9999 -9999 -9999 -9999 -9999 -9999 -9999 -9999 -9999 -9999 -9999 -9999 -9999
-9999 -9999 -9999 -9999 -9999 -9999 -9999 -9999 -9999 -9999 -9999 -9999 -9999 -9999 -9999 -9999 -9999 -9999 -9999 -9999 -9999 -9999 -9999 -9999 -9999 -9999 -9999 -9999 -9999 -9999 -9999 -9999 -9999 -9999 -9999 -9999 -9999 -9999 -9999 -9999 -9999 -9999 -9999 -9999 -9999 -9999 -9999 -9999 -9999 -9999 -9999 -9999 -9999 -9999 -9999 -9999 -9999 -9999 -9999 -9999 -9999 -9999 -9999 -9999 -9999 -9999
-9999 -9999 -9999 -9999 -9999 -9999 -9999 -9999 -9999 -9999 -9999 -9999 -9999 -9999 -9999 -9999 -9999 -9999 -9999 -9999 -9999 -9999 -9999 -9999 -9999 -9999 -9999 -9999 -9999 -9999 -9999 -9999 -9999 -9999 -9999 -9999 -9999 -9999 -9999 -9999 -9999 -9999 -9999 -9999 -9999 -9999 -9999 -9999 -9999 -9999 -9999 -9999 -9999 -9999 -9999 -9999 -9999 -9999 -9999 -9999 -9999 -9999 -9999 -9999 -9999 -9999
-9999 -9999 -9999 -9999 -9999 -9999 -9999 -9999 -9999 -9999 -9999 -9999 -9999 -9999 -9999 -9999 -9999 -9999 -9999 -9999 -9999 -9999 -9999 -9999 -9999 -9999 -9999 -9999 -9999 -9999 -9999 -9999 -9999 -9999 -9999 -9999 -9999 -9999 -9999 -9999 -9999 -9999 -9999 -9999 -9999 -9999 -9999 -9999 -9999 -9999 -9999 -9999 -9999 -9999 -9999 -9999 -9999 -9999 -9999 -9999 -9999 -9999 -9999 -9999 -9999 -9999
-9999 -9999 -9999 -9999 -9999 -9999 -9999 -9999 -9999 -9999 -9999 -9999 -9999 -9999 -9999 -9999 -9999 -9999 -9999 -9999 -9999 -9999 -9999 -9999 -9999 -9999 -9999 -9999 -9999 -9999 -9999 -9999 -9999 -9999 -9999 -9999 -9999 -9999 -9999 -9999 -9999 -9999 -9999 -9999 -9999 -9999 -9999 -9999 -9999 -9999 -9999 -9999 -9999 -9999 -9999 -9999 -9999 -9999 -9999 -9999 -9999 -9999 -9999 -9999 -9999 -9999
-9999 -9999 -9999 -9999 -9999 -9999 -9999 -9999 -9999 -9999 -9999 -9999 -9999 -9999 -9999 -9999 -9999 -9999 -9999 -9999 -9999 -9999 -9999 -9999 -9999 -9999 -9999 -9999 -9999 -9999 -9999 -9999 -9999 -9999 -9999 -9999 -9999 -9999 -9999 -9999 -9999 -9999 -9999 -9999 -9999 -9999 -9999 -9999 -9999 -9999 -9999 -9999 -9999 -9999 -9999 -9999 -9999 -9999 -9999 -9999 -9999 -9999 -9999 -9999 -9999 -9999
-9999 -9999 -9999 -9999 -9999 -9999 -9999 -9999 -9999 -9999 -9999 -9999 -9999 -9999 -9999 -9999 -9999 -9999 -9999 -9999 -9999 -9999 -9999 -9999 -9999 -9999 -9999 -9999 -9999 -9999 -9999 -9999 -9999 -9999 -9999 -9999 -9999 -9999 -9999 -9999 -9999 -9999 -9999 -9999 -9999 -9999 -9999 -9999 -9999 -9999 -9999 -9999 -9999 -9999 -9999 -9999 -9999 -9999 -9999 -9999 -9999 -9999 -9999 -9999 -9999 -9999
-9999 -9999 -9999 -9999 -9999 -9999 -9999 -9999 -9999 -9999 -9999 -9999 -9999 -9999 -9999 -9999 -9999 -9999 -9999 -9999 -9999 -9999 -9999 -9999 -9999 -9999 -9999 -9999 -9999 -9999 -9999 -9999 -9999 -9999 -9999 -9999 -9999 -9999 -9999 -9999 -9999 -9999 -9999 -9999 -9999 -9999 -9999 -9999 -9999 -9999 -9999 -9999 -9999 -9999 -9999 -9999 -9999 -9999 -9999 -9999 -9999 -9999 -9999 -9999 -9999 -9999
-9999 -9999 -9999 -9999 -9999 -9999 -9999 -9999 -9999 -9999 -9999 -9999 -9999 -9999 -9999 -9999 -9999 -9999 -9999 -9999 -9999 -9999 -9999 -9999 -9999 -9999 -9999 -9999 -9999 -9999 -9999 -9999 -9999 -9999 -9999 -9999 -9999 24.13193 24.13193 24.13193 24.13193 24.28555 24.30809 -9999 -9999 -9999 -9999 -9999 -9999 -9999 -9999 -9999 -9999 -9999 -9999 -9999 -9999 -9999 -9999 -9999 -9999 -9999 -9999 -9999 -9999 -9999
-9999 26.13894 -9999 -9999 -9999 -9999 -9999 -9999 -9999 -9999 -9999 -9999 -9999 -9999 -9999 18.95472 18.95472 22.33255 22.33255 22.33255 22.33255 44.42701 54.97439 54.9744 54.97439 54.9744 54.97439 54.97439 54.97439 47.77805 17.77331 17.77331 17.77331 17.77331 17.77331 17.77331 17.87807 23.26591 24.13193 24.1573 24.23432 24.30749 24.30809 24.30809 -9999 -9999 -9999 -9999 -9999 -9999 -9999 -9999 -9999 -9999 -9999 -9999 -9999 -9999 -9999 -9999 -9999 -9999 -9999 -9999 -9999 -9999
26.13894 26.13894 26.13894 26.11133 25.09944 24.00013 24.00013 48.93909 61.98284 61.98283 55.90355 33.76824 18.95472 18.95472 18.95472 18.95472 19.45541 22.12238 22.33255 22.33255 22.33255 35.41977 54.97439 54.97439 54.97439 54.97439 54.97439 54.97439 50.55481 33.38544 17.77331 17.77331 17.77331 17.77331 17.77331 17.80394 18.85099 24.10495 24.13193 24.20622 24.30754 24.30809 24.43139 27.1052 27.96025 28.23207 31.37711 -9999 -9999 -9999 -9999 -9999 -9999 -9999 -9999 -9999 -9999 -9999 -9999 -9999 -9999 -9999 -9999 -9999 -9999 -9999
26.13894 26.13894 26.13894 25.44144 24.00013 24.00013 24.38184 53.01452 61.98284 61.98284 61.98284 57.13839 39.16144 19.99771 18.95472 18.95472 18.95472 21.13072 22.33255 22.33255 22.33255 31.72098 54.97439 54.97439 54.97439 54.97439 54.97439 54.97439 45.17214 17.77331 17.77599 18.47215 19.59187 22.31837 21.76554 22.80792 23.72905 23.87819 23.92554 23.91908 23.94658 24.67664 27.7327 27.96025 27.97091 30.42066 31.37711 31.37711 31.37711 31.37711 31.37711 -9999 -9999 -9999 -9999 -9999 -9999 -9999 -9999 -9999 -9999 -9999 -9999 -9999 -9999 -9999
26.13894 26.13894 26.13894 25.7839 24.18082 24.00013 24.7832 43.04009 57.5873 61.98284 61.98284 61.98284 61.98284 44.27025 27.30928 20.10137 18.9841 21.17412 22.33255 22.33255 22.33255 37.59554 54.97439 54.97439 54.97439 54.97439 54.97439 54.97439 54.34946 50.64936 40.2034 28.59174 26.30834 25.13129 24.09727 23.68618 23.67995 23.60137 23.5914 23.5914 23.5914 25.31673 27.96025 27.96025 28.26327 30.77525 31.37711 31.37711 31.37711 31.37711 26.9781 19.61716 -9999 -9999 -9999 -9999 -9999 -9999 -9999 -9999 -9999 -9999 -9999 -9999 -9999 -9999
34.33559 26.18771 26.13894 26.13894 24.93385 24.00013 24.00013 35.86213 58.35972 61.98284 61.98284 61.26564 54.26791 58.09808 45.92433 24.71906 23.82854 23.86338 22.03227 21.17103 21.36773 30.34099 35.96168 44.01356 48.77566 36.94049 40.74707 26.44281 24.07955 24.98063 28.45123 29.23253 29.23253 29.21047 29.20551 26.61936 25.13264 24.0002 23.61509 23.5914 23.5914 25.26519 27.96024 27.95365 27.40088 28.11967 30.00622 29.47098 28.93921 27.11956 20.61654 19.61716 19.61716 19.61716 -9999 -9999 -9999 -9999 -9999 -9999 -9999 -9999 -9999 -9999 -9999 -9999
45.50278 30.64401 27.04084 26.20835 26.1211 25.11515 24.09366 42.58325 61.98284 61.98284 61.76719 33.54858 24.34416 27.85267 24.93373 24.34416 23.24524 22.41386 19.21681 16.09789 16.50125 21.02914 23.1925 23.3068 24.51662 23.1925 23.1925 23.1925 23.1925 31.40771 31.91191 46.78161 40.39164 28.70746 27.89647 27.83677 26.65313 23.90058 23.75706 185.634 687.3723 264.5146 25.35703 24.83454 24.84918 25.29432 25.29432 25.29432 24.10172 19.61716 19.62807 19.61716 19.61716 19.61716 -9999 -9999 -9999 -9999 -9999 -9999 -9999 -9999 -9999 -9999 -9999 -9999
36.55007 29.65455 665.5233 348.8257 29.55161 29.54315 32.3372 56.75599 54.40605 33.8529 32.85725 29.54199 26.95138 26.04303 26.20362 23.01918 17.01183 16.09789 16.09789 16.09789 16.12058 18.42497 20.38587 22.06583 21.68246 20.16419 25.03726 37.90943 31.63041 64.11394 80.98872 81.05534 75.71938 32.04044 25.85014 25.85014 25.53813 23.76127 75.97559 929.6591 998.0561 474.5674 23.76127 23.76177 24.80368 25.29432 25.29432 25.29432 24.36858 52.50271 455.1837 19.61716 19.61716 19.61716 19.61716 -9999 -9999 -9999 -9999 -9999 -9999 -9999 -9999 -9999 -9999 -9999
45.0751 29.55161 685.0803 793.1716 29.55161 29.55161 29.55161 31.18878 30.60393 30.55587 30.55587 180.3939 490.0916 32.60386 30.55587 28.38827 17.92687 16.09789 16.09789 19.30285 23.85301 22.72388 19.81735 18.08233 18.11424 19.44725 54.71373 81.05534 81.05514 80.73237 81.05534 74.61079 45.52138 25.86107 25.85014 26.22858 29.57759 26.22895 24.01943 489.3146 851.3404 335.8321 23.76127 23.76127 24.16821 23.53978 24.17642 23.81329 13.53996 10.0385 12.01042 13.95951 19.34634 19.61716 19.61716 -9999 -9999 -9999 -9999 -9999 -9999 -9999 -9999 -9999 -9999 -9999
47.28881 31.26438 29.55161 29.55161 29.55161 29.55161 29.55201 32.7184 31.27366 30.55587 30.55587 547.8735 1183.137 259.5604 30.54947 30.44808 28.26261 22.16634 20.95027 27.87666 28.05723 25.97332 18.77755 18.11597 18.11424 18.11424 27.39439 62.85801 72.23636 81.05533 81.05533 70.31097 29.71112 26.12833 38.27349 42.16726 43.59907 43.66695 43.20575 30.90834 23.17506 20.6111 20.93519 20.94709 18.966 17.38661 9.588428 9.348747 9.28055 9.28055 9.28055 9.28055 11.69634 15.59363 19.44881 -9999 -9999 -9999 -9999 -9999 -9999 -9999 -9999 -9999 -9999 -9999
35.28042 26.69823 26.22906 27.27299 28.34513 30.60451 31.96431 33.12581 32.97121 31.69999 31.11673 30.62137 29.06885 26.33586 25.18968 26.2928 26.94473 28.05723 28.05723 28.05723 26.7871 22.1538 21.44587 20.04002 18.11424 18.11424 18.11424 29.63783 74.46999 77.77009 50.91764 31.83825 26.15331 26.15331 30.46658 43.81078 43.90504 43.89717 37.8223 16.50153 14.19294 14.19294 14.19294 14.17742 11.13422 10.12401 9.28055 9.270091 9.274305 9.16318 9.28055 9.28055 9.28055 9.28055 9.28055 -9999 -9999 -9999 -9999 -9999 -9999 -9999 -9999 -9999 -9999 -9999
25.47751 25.47751 25.47751 25.47751 28.07237 33.20682 33.248 33.248 33.248 33.248 32.89549 27.33466 23.80924 23.76665 23.76665 23.76665 24.45378 27.56298 28.05723 28.05723 23.44509 21.44587 21.44587 21.37032 21.09836 22.29903 21.48533 21.89493 71.24728 81.05533 52.44135 26.15331 26.1262 25.63806 25.40309 28.25072 37.78802 38.59179 28.5097 20.56268 15.74877 14.19294 14.19294 14.19294 12.66196 7.753635 7.044031 6.887776 6.985111 6.941432 7.945743 9.072094 9.28055 9.28055 9.28055 -9999 -9999 -9999 -9999 -9999 -9999 -9999 -9999 -9999 -9999 -9999
230.182 392.0653 25.47751 25.47751 25.83252 31.7128 33.248 33.248 33.50068 34.21183 32.89947 29.60807 25.20922 25.38742 25.05137 25.33005 23.97495 26.66997 28.08347 28.05723 26.38503 22.78498 21.44587 21.44587 21.59985 24.73713 25.51307 25.51307 32.73655 50.67979 36.2138 25.73077 25.31879 25.21833 25.21833 25.21833 25.3516 25.69511 27.99936 41.96761 24.67108 30.36768 14.19294 13.05826 7.159634 6.809097 6.809097 6.809097 6.809097 6.809097 6.809097 7.281741 7.941803 7.658851 7.01727 -9999 -9999 -9999 -9999 -9999 -9999 -9999 -9999 -9999 -9999 -9999
239.9651 967.9684 25.99421 25.48533 34.71443 42.27299 41.83649 41.02126 41.32067 42.38869 42.38869 33.80698 28.7629 28.7629 28.7629 28.7629 27.90015 27.87647 27.71632 24.93665 22.82489 22.0556 22.07341 23.29778 25.05339 39.14809 511.1219 403.0901 25.51307 25.4963 25.24185 25.21833 25.21833 25.21833 25.21833 25.7648 25.77842 25.80475 33.94423 198.1495 301.6514 288.044 298.5052 300.1732 290.7643 123.9933 6.925069 10.15095 7.995148 6.809097 6.809097 6.809097 6.809097 6.809097 6.809097 6.809097 -9999 -9999 -9999 -9999 -9999 -9999 -9999 -9999 -9999 -9999
25.47667 25.32157 25.197 25.35901 33.85341 42.38292 42.38869 42.38869 42.38869 42.38869 40.21658 30.39384 28.86688 30.22925 29.30046 28.7629 28.7629 28.7629 28.7629 28.7629 28.31009 24.97336 25.46273 25.51307 25.51307 269.2512 2270.582 881.931 25.51307 25.5031 25.32357 25.22012 25.21833 25.21833 25.21833 29.92672 32.30522 31.96267 29.0548 25.69511 126.0447 191.8806 126.5015 83.31947 43.27209 7.066979 12.74578 15.18638 15.15003 13.04591 8.617522 6.820946 9.723389 27.53017 25.64009 26.61871 -9999 -9999 -9999 -9999 -9999 -9999 -9999 -9999 -9999 -9999
24.82989 24.68111 24.68061 24.69145 25.07511 33.5707 39.60254 42.38869 39.26242 38.78954 42.38869 28.7629 31.1368 47.92897 31.8201 28.7629 28.7629 28.7629 28.7629 28.7629 28.76572 28.17654 26.46655 25.51307 25.51307 25.51307 25.51307 26.01129 26.76966 28.98524 31.2171 28.90866 27.2609 25.42447 26.52023 32.40064 33.03121 33.03121 32.31293 26.31659 25.69511 25.69511 25.63873 24.7954 21.39044 15.79395 15.18638 15.18638 15.69309 28.15928 33.14871 30.8655 31.43283 35.96634 35.96634 35.96634 -9999 -9999 -9999 -9999 -9999 -9999 -9999 -9999 -9999 -9999
24.68061 24.68061 24.68061 24.68061 24.68061 25.46946 26.90275 31.8461 27.1912 27.17495 27.43508 42.87986 47.92897 47.92897 46.23035 41.72765 30.08506 28.98101 29.29361 29.52917 29.69255 29.81263 29.52257 29.86685 28.1852 27.79574 30.83975 33.12918 33.83186 33.83186 33.79871 31.96166 31.40543 27.79563 27.80068 29.7655 33.03121 33.03121 33.03121 32.38149 25.34138 18.57945 15.31869 15.23285 15.18638 15.18638 15.80943 19.52497 16.05721 33.84539 40.01883 36.40195 35.96634 35.96634 35.85675 35.92898 35.96634 -9999 -9999 -9999 -9999 -9999 -9999 -9999 -9999 -9999
24.63663 24.68061 24.68061 24.68061 24.68061 26.74565 27.08716 27.08716 27.08716 27.08716 28.47881 35.09782 47.92897 47.92897 47.92897 47.20031 37.33983 30.2823 29.81263 29.81263 29.81263 29.81263 31.25546 33.7026 33.83186 32.85209 33.83186 33.10283 31.61624 27.04281 27.94643 27.80068 27.80068 27.80068 27.88218 29.64368 30.13808 26.90372 25.85068 29.6351 18.02385 15.18638 15.18638 15.18638 16.76805 28.7159 49.12318 54.06679 54.00195 54.08392 54.12374 52.24156 31.19462 29.82887 29.16957 29.00367 28.8808 -9999 -9999 -9999 -9999 -9999 -9999 -9999 -9999 -9999
21.85612 24.01452 24.20999 23.1637 25.208 26.36082 27.08716 27.08716 27.08716 27.08716 34.23931 46.53783 47.92897 47.92897 47.92897 47.92897 47.76738 33.34475 29.81263 29.81263 29.81263 29.81263 29.96807 31.32371 32.26121 35.57224 26.30265 71.93182 807.6071 739.1686 21.11197 24.79007 27.80068 27.80068 27.80068 26.14018 21.17794 15.52925 15.47446 18.69116 15.18638 15.18638 16.79276 24.14908 32.98995 33.32973 42.68058 54.12374 54.12374 54.12374 54.12374 54.12374 48.36717 28.06074 28.06074 28.06074 28.06074 -9999 -9999 -9999 -9999 -9999 -9999 -9999 -9999 -9999
20.72138 20.72138 20.72138 20.99221 26.35349 27.08716 27.08716 27.08716 27.08716 27.19771 35.83701 44.82314 47.92897 47.92897 47.92897 47.92897 47.21129 33.46325 29.81263 29.81263 29.81263 29.81263 29.81263 35.28944 55.35177 62.66474 38.76989 21.39938 92.7967 103.0579 20.92307 21.08825 24.21562 24.86576 20.44929 15.60575 15.47387 15.47387 15.47387 15.28518 23.10582 24.44815 32.08644 33.07911 33.07911 33.07911 33.09344 46.01086 51.82146 54.12374 54.12374 54.12374 43.65334 27.46247 27.4705 27.13596 30.61365 37.67336 -9999 -9999 -9999 -9999 -9999 -9999 -9999 -9999
