data/polds00g.asc
ncols         288
nrows         192
xllcorner     13
yllcorner     48
cellsize      0.0416666666667
NODATA_value  -9999
[rows 87 to 115 of 192, columns 66 to 131 of 288]
38.28965 36.97701 36.97701 24.88605 26.81493 39.55693 53.92883 75.35249 83.50856 113.7942 127.4401 79.88659 54.30029 58.39769 71.63828 96.0004 106.6857 121.5767 130.1418 129.4995 112.756 94.89388 93.44987 99.80579 146.9279 233.0661 1863.353 2018.936 2197.775 2190.523 2152.273 767.8574 90.76975 74.38411 87.17165 95.03415 95.45044 89.87135 71.98853 65.89892 68.84766 103.2968 196.1929 199.0549 199.0549 199.0549 170.0144 73.81683 68.32939 67.80914 67.35616 60.6837 61.11567 54.04431 51.55324 61.19157 89.81837 90.0907 89.98071 89.18935 88.1741 88.1741 88.1741 88.17158 80.61348 77.85165
59.14404 73.53243 46.95767 59.97385 73.18325 73.18325 81.06866 116.2845 127.4401 127.4401 127.4401 127.3364 97.6574 105.0007 106.3959 106.3959 106.3959 110.0073 129.8131 99.77696 76.17778 82.35534 89.45827 100.1113 154.3706 178.0866 368.8618 507.2973 878.611 1511.91 172.3288 81.41595 70.09091 61.0764 60.98682 87.67544 115.4353 65.60128 35.86501 42.34901 68.62787 105.01 199.0528 199.0549 199.0549 199.0549 178.7888 112.3355 67.80914 70.00148 486.8505 253.4557 63.36469 61.73885 63.99429 87.16071 90.98112 90.57272 101.1129 548.9902 772.3483 354.3563 85.90063 78.65604 76.98756 77.0257
93.56831 92.80248 80.30994 73.39282 73.18325 73.18325 73.18325 107.872 127.406 127.4401 131.4249 133.9657 134.6607 132.9965 123.2196 114.8057 110.8598 110.4548 99.93896 87.30859 75.22871 76.17778 76.17778 76.17778 77.562 191.2 400.9384 188.4138 129.3135 86.40524 80.47496 80.4662 80.4662 83.25771 107.0521 140.763 147.3062 120.8218 95.19639 46.62746 49.39268 100.094 179.7085 181.25 185.6644 113.8661 66.37746 61.284 65.94762 66.87119 334.8121 247.7618 63.36469 63.36469 73.52541 114.3855 113.4211 104.8409 102.2661 341.0601 1013.416 328.2071 75.5593 75.5593 75.5593 73.94312
75.06456 92.61501 83.96688 73.18325 72.51756 70.95934 65.06915 63.90229 71.36404 91.33359 74.80949 99.25585 122.1945 133.9444 138.9281 137.2051 137.7152 97.31484 73.35705 73.48098 75.80775 76.18993 76.2598 87.03207 127.4409 135.5195 139.2974 139.2974 139.2974 135.9208 92.24598 80.46621 84.51601 90.52948 130.0333 147.3062 147.3062 147.3062 147.3062 141.7576 104.7002 82.79736 79.73518 72.36144 58.44313 53.05885 53.0681 53.49969 57.68751 60.90712 60.35936 60.91259 60.88562 60.6463 89.87344 115.1054 113.7455 114.7307 257.4869 865.6086 954.4036 450.0808 75.25266 75.26143 75.44967 73.96794
77.7081 71.24723 69.84264 64.74114 61.25416 58.62223 58.62223 58.61364 59.88942 68.36478 58.90299 58.54706 58.54706 60.43908 85.58659 69.60574 79.84473 51.14054 55.33084 62.85626 72.52101 78.60953 79.34803 79.44547 92.90987 112.3432 99.50381 82.22517 110.2539 108.0638 87.05709 90.87186 85.2653 64.05939 64.17712 84.63956 119.642 136.6953 142.3956 135.8306 105.7092 84.03062 79.73518 76.95132 54.74174 53.16505 53.71458 53.81198 54.95054 56.35115 58.79521 58.79529 58.86594 58.92792 68.52113 73.01212 68.24671 66.52196 83.60809 423.9095 538.5286 80.45763 74.48283 74.48283 74.54175 63.6894
70.83747 70.87314 70.61703 59.77428 58.62223 58.62223 63.9817 75.15995 111.5665 107.2875 63.29985 58.54706 58.58235 62.55834 64.42206 59.42348 49.59605 49.59605 49.59605 54.81351 73.95822 75.56397 78.18028 79.69621 79.58695 54.43809 47.64624 47.64624 48.85227 122.5736 188.0908 188.3088 150.1318 70.69199 58.61552 58.59457 58.47177 58.4062 61.09291 58.63304 64.19653 78.24828 78.16373 73.97237 68.31731 57.55631 53.84695 53.81198 54.55962 57.0835 58.05407 58.05407 58.05407 58.48172 62.82584 63.78949 65.26494 74.52148 93.13178 94.66241 94.63151 82.94125 77.91529 80.83327 85.144 81.74614
55.49129 47.89886 56.69293 58.31854 57.8695 58.606 72.49692 114.8219 118.1177 118.1177 109.5617 79.98209 62.77361 63.62218 64.51988 63.54161 54.79588 53.17887 64.70305 69.40047 115.0632 889.8057 153.8378 78.57846 79.5775 77.2847 72.48544 140.6044 135.3994 192.3377 194.8326 194.8326 166.5033 93.59699 57.66064 57.38521 57.61438 60.06205 62.60157 63.69085 65.38712 75.24022 67.57874 63.63584 63.63584 62.91867 54.15092 53.81198 54.87787 56.8802 58.05407 57.61345 55.73023 55.96874 54.66322 64.62432 70.79321 73.1799 84.98607 86.74394 78.55286 70.34145 71.59513 78.47006 86.19626 86.19626
43.14603 44.45211 44.51759 46.06648 45.80537 55.6376 112.0669 118.1177 118.1177 118.1177 118.1177 118.1177 96.19454 58.44613 58.96642 63.42638 65.22436 89.25016 91.76444 84.32028 151.9234 764.8697 174.7638 74.41908 75.64882 74.55552 68.89905 110.8743 186.7197 194.8326 181.1343 188.0611 132.871 66.16551 56.51212 56.51212 61.87908 73.80389 74.85586 74.85586 74.85586 88.23209 73.40819 63.63584 63.63584 63.63584 60.12686 45.68431 43.86049 42.90613 44.66584 42.78264 42.7998 44.32957 45.07528 47.64264 63.67963 71.31985 71.31985 70.1392 69.89354 70.10278 70.10278 70.9533 75.52715 77.93825
38.41434 39.88391 42.68127 42.22043 40.58413 93.49854 118.1177 118.1177 116.9245 77.9672 60.91285 71.11972 63.505 57.90657 57.90657 57.90657 62.82519 90.91146 91.91911 91.91911 90.29127 88.80947 81.605 74.32706 70.76995 56.98337 56.93594 98.91167 147.3832 149.9728 75.99535 54.45885 46.6035 49.22726 56.01471 56.51212 58.16249 65.34518 69.94479 76.34799 166.7951 217.6826 201.2752 198.5803 195.6743 74.84439 61.2608 48.64116 46.52176 53.75813 62.43604 58.06074 45.74566 44.93416 45.07528 45.07528 47.04875 70.78768 65.9931 52.9915 63.87243 67.16188 69.33736 68.72025 67.8368 945.9354
34.45797 33.51228 33.52046 34.19562 38.76501 41.55964 71.33969 77.15516 47.94238 55.70256 57.90657 57.90657 57.90657 58.72902 60.82583 62.95675 80.6113 91.91911 89.64254 88.63605 85.68269 83.96631 86.1015 66.29111 57.92495 56.93594 56.93594 56.93594 56.93594 58.45954 102.2466 49.41374 46.59428 47.07632 55.57685 60.98435 61.36283 62.03366 63.53268 81.00452 190.458 224.0219 224.0219 200.0513 134.5393 84.65931 73.20532 48.7346 48.58739 49.42062 65.83688 67.18056 66.73897 60.66813 56.02153 52.69981 69.68497 85.87463 58.78351 46.01477 49.90018 58.35737 60.46091 60.83395 63.59933 127.5436
34.85593 33.53376 35.15291 39.38424 39.30512 37.54245 36.3302 36.32422 36.33635 53.37115 55.5724 55.7079 57.80264 69.16302 69.78217 69.78217 72.82476 69.46808 52.48948 52.20818 51.50602 61.53193 65.11415 65.11415 64.17187 63.50248 71.45416 87.83263 138.1658 194.2624 193.7831 89.78081 55.87778 59.07393 61.25326 61.36272 62.12496 63.40601 63.53268 91.88454 195.181 224.0219 224.0219 213.7936 95.27464 85.55132 86.57701 71.77253 90.13444 110.9835 153.4028 139.8111 73.1775 59.72885 59.61569 65.90385 93.20079 94.02141 65.27927 46.10483 46.04337 50.98508 60.36737 60.46091 60.09381 58.75726
46.49898 34.79468 35.7073 36.47189 36.63924 36.01458 36.32422 36.32422 40.31556 45.41728 51.44081 62.82304 86.33184 83.66009 72.65261 69.5029 59.57462 54.7613 51.49571 51.50602 73.58507 61.86856 65.11415 65.11415 69.86611 73.76376 82.0734 183.2593 204.3336 204.3336 186.0451 83.15891 81.83276 66.23072 61.25326 61.25326 61.25326 63.53394 68.5324 152.4352 172.2064 159.9407 140.134 147.2954 80.53551 78.27515 124.3946 163.4705 163.4705 163.4705 163.4705 114.4339 90.59601 60.32355 59.61569 71.50893 93.55701 86.83735 69.4188 48.99797 53.47247 54.41324 57.32111 63.12415 58.5636 56.55975
50.84895 35.80231 36.04202 36.08203 36.29695 36.2936 36.32422 36.32422 36.32422 36.32422 69.81573 110.2724 112.1057 112.1057 98.89081 60.17847 51.29566 51.19516 187.1262 1620.318 1464.675 62.14792 62.50764 70.7543 75.10498 75.48033 72.23228 79.57811 177.0682 204.3336 161.3103 96.20523 82.68185 82.5572 71.83005 56.43696 57.66293 69.28637 92.50223 94.17459 93.46425 93.46425 85.14474 72.11135 71.52609 71.56761 71.62453 121.2923 163.4705 163.4705 128.7771 76.8112 73.80715 70.02943 61.32733 63.39837 79.28497 78.55866 78.55866 64.4157 56.62649 69.39438 75.8071 76.86214 75.37825 59.50039
36.02945 36.03164 36.36433 36.58413 36.57608 35.76379 35.60271 36.32422 36.32422 40.26864 109.0656 111.4326 112.1057 112.1057 112.1057 84.02173 51.19516 51.19516 82.12077 1023.12 529.0021 57.26196 57.26196 60.73499 67.54057 75.27003 68.11203 61.19701 72.0163 111.9953 129.148 117.7763 76.79815 73.27353 55.26606 53.79343 53.79343 61.90183 93.12821 93.46425 93.46425 88.69817 71.20861 69.74082 79.07793 76.34148 77.22452 100.9838 163.0592 153.7993 103.9543 73.81512 73.80714 73.80714 65.98763 60.17418 85.27123 78.55866 76.53953 64.23994 74.7496 84.28385 84.96684 80.74464 65.6241 49.47662
42.30465 47.18369 37.70209 37.70209 37.69361 34.98434 33.03655 33.6759 34.86497 40.46057 50.27032 72.53381 107.348 102.5359 112.039 68.57818 48.40364 72.34068 74.15222 63.94373 57.12305 57.26196 57.26196 58.74213 60.82673 61.64046 61.19701 73.50628 93.61241 101.0365 101.0365 89.48058 70.38162 70.45461 71.7561 65.9436 60.86261 74.01357 138.6395 147.2225 96.12075 69.28107 67.3181 121.2688 158.6843 153.0621 111.7723 85.08077 86.33654 84.26408 84.38634 95.73041 101.008 96.84246 153.8264 1505.825 1632.053 415.9608 92.02237 93.95322 92.4771 88.72297 85.81107 85.29982 54.31487 47.59845
94.91416 96.30041 65.8991 43.62434 35.12136 33.22593 32.74711 32.74711 33.85974 39.49507 51.35681 51.57533 57.42045 54.97574 63.35521 35.94834 35.94834 65.69788 81.7407 81.7407 80.02142 70.31012 58.6933 65.92319 69.62185 69.99825 66.20641 73.99786 98.03817 100.8393 100.7889 78.82616 71.553 70.85638 72.59315 72.98407 72.98407 73.17965 117.6901 158.9182 157.2343 142.8177 124.5841 154.3127 158.9221 148.0459 100.2916 83.94099 83.82944 84.45589 84.51566 92.65862 108.9243 111.1196 836.6753 1242.769 1943.859 714.283 95.50558 95.5173 89.60506 76.8121 76.61002 75.01884 67.12974 62.48771
83.08075 92.37838 76.25116 52.09108 435.7722 1084.993 804.6555 421.9784 339.0811 55.33866 51.24883 43.40387 45.96959 39.41784 36.097 35.94834 36.7287 73.96301 81.7407 81.7407 81.7407 78.46593 71.66081 72.0507 72.0507 84.79729 88.02033 80.78222 90.92615 92.61917 93.65489 91.50829 70.95248 65.26161 69.15219 74.66479 80.17025 83.4049 113.118 119.4483 157.1631 158.9221 158.9221 153.5034 132.7793 87.61863 83.93739 83.92921 144.3589 512.7645 179.8212 91.06918 108.8066 94.20316 100.7538 108.5573 119.6104 76.769 84.78628 84.92233 82.5626 73.52212 74.30498 77.89346 79.29752 79.29752
42.42215 36.50047 46.85432 50.04544 50.84497 52.16638 115.0866 895.551 1237.343 564.7221 46.52028 37.33509 37.00826 36.58449 35.9535 36.40807 65.92603 81.7407 81.7407 81.7407 81.7407 73.22102 55.66496 58.62495 106.1053 209.5935 214.0718 196.0426 122.5631 86.79131 79.23827 74.64843 61.70038 61.83208 61.83208 62.9304 67.43641 64.79071 67.74216 75.28109 91.77958 121.5296 145.2175 106.0966 87.10076 92.67644 87.58041 215.2451 1036.01 1796.128 1421.733 105.1287 68.02736 60.34105 62.6631 75.52158 79.26589 76.27734 75.55823 67.08596 67.50182 73.45954 74.18578 79.07021 79.29752 79.29752
35.32267 39.23409 50.03733 50.05606 50.2007 50.89072 46.48539 44.9311 46.19944 46.62756 45.31911 43.03046 41.86314 39.33398 33.48709 30.24533 29.93353 57.00463 69.10585 81.7407 71.73494 45.26075 39.33523 39.33523 71.63374 203.0429 220.8677 220.8677 218.7938 156.5445 58.9308 58.9308 59.89471 61.83208 61.8318 49.38973 47.15166 47.99556 47.39807 48.44059 52.92879 60.90876 79.66093 93.95896 103.0859 103.2849 100.7411 81.94112 164.8879 541.8551 113.3307 78.82829 65.25928 59.72092 59.72092 59.72092 66.99075 73.12415 54.28468 47.43276 47.15195 49.352 53.87833 78.76119 79.29752 79.29752
67.31592 74.11736 77.99739 53.92068 50.3703 48.24322 77.55116 96.2105 81.08675 67.43668 43.65498 43.65498 38.9595 34.71619 32.08179 31.8229 30.48475 26.94157 28.92309 40.34879 37.77987 39.39049 39.33523 39.33523 39.33523 61.10703 70.38128 88.35141 174.2013 174.2816 65.21051 58.37709 58.23422 59.17751 58.60034 57.66407 55.77887 57.08136 55.81412 55.41398 57.48556 57.48556 57.48556 72.06396 89.24589 103.2849 103.2849 99.29797 76.71323 68.16229 68.16229 68.16627 68.98378 68.51151 66.56671 63.48672 60.23016 59.7227 51.79028 46.46303 46.65796 46.62299 49.85981 68.92409 69.84004 75.19005
74.30421 84.47575 73.81119 56.41411 52.58176 113.0499 172.0338 173.1456 173.1456 171.9923 94.0612 35.84236 32.24236 32.08179 32.08179 32.08179 32.02881 28.63049 28.44931 28.54415 30.01912 36.79808 39.33523 39.33523 40.8988 48.52417 51.99701 51.99701 51.99701 52.08017 53.40978 53.97597 57.22711 57.48556 57.48556 57.48556 57.48556 57.13789 56.85981 57.48556 55.01908 56.4453 50.57317 44.06105 37.73 61.05148 91.27876 85.51343 68.16229 68.37234 70.02998 77.168 73.16039 72.58353 71.83238 69.84268 65.60946 63.02482 50.23148 48.38597 48.62592 43.59871 38.58666 42.90219 43.36683 43.41475
22.09879 39.97915 80.35285 80.41872 59.63242 85.34141 168.6129 171.9787 143.8805 164.0344 103.8828 32.08179 32.08179 37.81501 49.75682 49.08504 51.63074 36.88251 36.90672 36.90672 36.90672 37.15636 37.17112 37.56092 43.33092 51.93378 51.99701 51.99701 51.99701 51.99701 51.99701 53.35897 58.93902 62.30143 57.48556 57.48556 56.69133 45.34885 45.10525 46.29442 45.1104 44.46291 40.12476 35.3633 35.3633 36.09103 38.88187 44.41857 97.65268 106.2167 117.044 123.3644 121.898 104.1011 66.12403 64.95316 64.95316 64.40207 58.18069 49.51112 45.87259 37.08134 36.39402 39.1173 42.75669 43.36648
22.09879 32.51405 58.17993 59.49422 57.21469 68.32578 119.3537 96.13782 31.94831 54.4791 756.9705 279.3591 31.71612 42.96786 66.6903 66.6903 55.92002 36.90672 36.90672 36.90672 39.43373 36.90672 39.35938 46.53081 42.88591 57.14713 54.42467 52.47482 51.99701 51.99701 55.32116 91.49167 106.2283 72.53395 57.51332 57.48556 48.07348 44.38909 44.38909 44.38909 56.0237 69.18773 72.89783 39.29817 36.10003 36.98743 35.6152 36.4868 56.63493 112.2317 121.2459 123.3644 123.3644 108.6836 55.33226 55.73241 57.1727 60.00282 56.96011 46.56438 41.40009 38.54179 34.8622 34.31925 34.39856 34.96453
22.09879 25.87264 54.60928 57.21469 57.21469 57.21469 57.21469 55.7562 40.92689 633.5031 2873.875 1654.494 31.61256 32.28949 62.58447 66.6903 63.56013 52.21818 49.02955 41.66821 62.55008 61.58001 61.98012 69.48949 68.61462 60.88821 60.42138 60.33076 59.4404 59.03934 68.64962 108.0137 109.0472 109.0472 100.5033 55.80307 45.1334 44.7236 44.40423 59.99712 75.52731 76.78602 76.78601 55.74242 54.37127 55.97785 52.123 50.91608 46.65738 49.02097 57.31339 103.6947 121.9114 112.253 70.77572 92.14217 53.61367 70.30436 66.53928 47.04272 47.04158 46.44602 39.28078 46.73625 50.79522 51.18179
22.09879 29.68628 44.52996 48.40548 54.22013 56.27548 57.21469 51.82975 32.13945 31.61256 41.415 61.84942 31.61256 35.92334 64.02773 66.6903 66.79623 69.08694 69.57893 69.45692 69.57893 69.57893 69.57893 76.91295 113.8659 95.43126 91.02515 69.31268 63.0984 62.58264 65.63364 104.0327 109.0472 98.62206 63.19758 45.50255 45.28683 45.10467 56.34048 72.921 76.78602 76.78602 76.78602 81.32814 76.37358 71.11265 76.15804 68.81008 46.37626 46.37626 48.15769 66.12556 154.2801 150.8576 192.998 199.6665 126.9507 131.8573 84.14134 47.04158 47.04158 47.0997 51.85425 63.69101 64.74312 65.44075
31.35102 44.5016 44.54865 44.54865 44.54865 44.79419 40.53024 35.83203 32.25194 32.3088 31.63396 32.41923 32.07248 40.69173 72.11264 69.04314 67.99126 69.5575 69.57893 69.57893 69.57893 71.53944 89.26114 137.1048 181.9131 138.0583 112.8987 112.8987 106.3226 110.9725 108.0536 109.0472 99.94552 60.00978 45.50259 45.50259 44.95379 44.79267 45.74046 64.50342 59.24441 66.12632 61.93311 110.8489 113.7909 113.7909 113.7909 112.1042 62.56756 48.76542 63.61557 97.69362 172.4699 200.9348 200.9348 200.9348 172.954 140.6461 134.2427 81.00599 59.26181 62.49541 63.20036 65.55477 73.55087 69.71025
49.85786 45.4821 44.92606 212.6219 892.2449 98.04498 51.31438 62.37378 68.88214 71.96974 59.07516 50.91927 49.80438 64.28185 73.63 73.63 72.43552 69.79201 69.57893 75.21189 107.949 151.8319 181.7755 162.5682 156.0637 126.8143 112.6569 112.8987 107.9505 82.55479 78.56203 82.79858 96.67124 95.71004 78.10278 64.86723 46.45071 44.79267 44.77977 44.68865 44.59818 44.50911 44.64887 82.92956 110.8348 96.68871 82.9436 106.125 52.66572 52.61047 59.86425 64.84824 70.30274 146.581 125.7357 127.6682 127.7535 107.2241 116.6176 120.688 68.25401 67.49316 68.31535 73.51216 77.99998 75.1358
49.11337 50.29016 50.54085 49.64997 45.89794 44.93402 56.18692 69.14925 82.87137 986.3921 1712.11 619.9689 51.71941 55.94709 72.00285 68.87346 72.37377 93.13077 88.03755 88.33464 103.6652 97.43467 85.81428 61.75616 61.75616 61.84809 71.50629 104.3928 109.4925 74.62211 71.4372 72.48469 83.16814 87.31368 85.48356 85.10072 68.50876 49.39932 452.4339 723.3533 46.24305 44.54983 46.49239 58.3298 49.17847 43.49867 43.4941 53.41183 51.41086 52.48893 59.18157 61.41027 89.56269 95.52372 85.06217 82.82242 66.17709 65.73442 68.05029 68.53584 68.54572 68.42722 70.93479 75.1881 144.8873 213.2181
52.50323 50.6147 50.6147 50.55588 50.10871 49.27644 49.46694 49.91693 640.2183 1986.833 1519.375 422.7452 55.58805 48.74097 36.85837 36.43571 45.66827 112.087 110.1163 93.88738 93.24035 93.24035 73.98927 61.75616 61.75616 281.3814 772.5126 1713.644 1818.804 1958.713 770.1301 197.4766 462.1873 494.9511 85.10071 85.10071 85.08427 57.69199 752.2047 778.3071 339.5573 48.24557 66.35181 72.64873 55.39227 43.74983 45.23275 53.51988 67.16116 76.02129 52.85997 53.55728 51.34036 63.72247 63.59839 64.53349 65.71022 64.61337 68.26942 69.15702 69.67673 69.65897 68.78275 66.38822 69.13269 70.41071
