data/polds00g.asc
ncols         288
nrows         192
xllcorner     13
yllcorner     48
cellsize      0.0416666666667
NODATA_value  -9999
[rows 29 to 57 of 192, columns 198 to 263 of 288]
-9999 -9999 -9999 -9999 -9999 -9999 -9999 -9999 -9999 -9999 -9999 -9999 -9999 -9999 -9999 -9999 -9999 -9999 -9999 -9999 -9999 -9999 -9999 -9999 -9999 -9999 -9999 -9999 -9999 -9999 -9999 -9999 -9999 -9999 -9999 -9999 -9999 -9999 -9999 -9999 -9999 -9999 -9999 -9999 -9999 -9999 -9999 -9999 -9999 -9999 -9999 -9999 -9999 -9999 -9999 -9999 -9999 -9999 -9999 -9999 -9999 -9999 -9999 -9999 -9999 -9999
-9999 -9999 -9999 -9999 -9999 -9999 -9999 -9999 -9999 -9999 -9999 -9999 -9999 -9999 -9999 -9999 -9999 -9999 -9999 -9999 -9999 -9999 -9999 -9999 -9999 -9999 -9999 -9999 -9999 -9999 -9999 -9999 -9999 -9999 -9999 -9999 -9999 -9999 -9999 -9999 -9999 -9999 -9999 -9999 -9999 -9999 -9999 -9999 -9999 -9999 -9999 -9999 -9999 -9999 -9999 -9999 -9999 -9999 -9999 -9999 -9999 -9999 -9999 -9999 -9999 -9999
-9999 -9999 -9999 -9999 -9999 -9999 -9999 -9999 -9999 -9999 -9999 -9999 -9999 -9999 -9999 -9999 -9999 -9999 -9999 -9999 -9999 -9999 -9999 -9999 -9999 -9999 -9999 -9999 -9999 -9999 -9999 -9999 -9999 -9999 -9999 -9999 -9999 -9999 -9999 -9999 -9999 -9999 -9999 -9999 -9999 -9999 -9999 -9999 -9999 -9999 -9999 -9999 -9999 -9999 -9999 -9999 -9999 -9999 -9999 -9999 -9999 -9999 -9999 -9999 -9999 -9999
-9999 -9999 -9999 -9999 -9999 -9999 -9999 -9999 -9999 -9999 -9999 -9999 -9999 -9999 -9999 -9999 -9999 -9999 -9999 -9999 -9999 -9999 -9999 -9999 -9999 -9999 -9999 -9999 -9999 -9999 -9999 -9999 -9999 -9999 -9999 -9999 -9999 -9999 -9999 -9999 -9999 -9999 -9999 -9999 -9999 -9999 -9999 -9999 -9999 -9999 -9999 -9999 -9999 -9999 -9999 -9999 -9999 -9999 -9999 -9999 -9999 -9999 -9999 -9999 -9999 -9999
-9999 -9999 -9999 -9999 -9999 -9999 -9999 -9999 -9999 -9999 -9999 -9999 -9999 -9999 -9999 -9999 -9999 -9999 -9999 -9999 -9999 -9999 -9999 -9999 -9999 -9999 -9999 -9999 -9999 -9999 -9999 -9999 -9999 -9999 -9999 -9999 -9999 -9999 -9999 -9999 -9999 -9999 -9999 -9999 -9999 -9999 -9999 -9999 -9999 -9999 -9999 -9999 -9999 -9999 -9999 -9999 -9999 -9999 -9999 -9999 -9999 -9999 -9999 -9999 -9999 -9999
-9999 -9999 -9999 -9999 -9999 -9999 -9999 -9999 -9999 -9999 -9999 -9999 -9999 -9999 -9999 -9999 -9999 -9999 -9999 -9999 -9999 -9999 -9999 -9999 -9999 -9999 -9999 -9999 -9999 -9999 -9999 -9999 -9999 -9999 -9999 -9999 -9999 -9999 -9999 -9999 -9999 -9999 -9999 -9999 -9999 -9999 -9999 -9999 -9999 -9999 -9999 -9999 -9999 -9999 -9999 -9999 -9999 -9999 -9999 -9999 -9999 -9999 -9999 -9999 -9999 -9999
-9999 -9999 -9999 -9999 -9999 -9999 -9999 -9999 -9999 -9999 -9999 -9999 -9999 -9999 -9999 -9999 -9999 -9999 -9999 -9999 -9999 -9999 -9999 -9999 -9999 -9999 -9999 -9999 -9999 -9999 -9999 -9999 -9999 -9999 -9999 -9999 -9999 -9999 -9999 -9999 -9999 -9999 -9999 -9999 -9999 -9999 -9999 -9999 -9999 -9999 -9999 -9999 -9999 -9999 -9999 -9999 -9999 -9999 -9999 -9999 -9999 -9999 -9999 -9999 -9999 -9999
-9999 -9999 -9999 -9999 -9999 -9999 -9999 -9999 -9999 -9999 -9999 -9999 -9999 -9999 -9999 -9999 -9999 -9999 -9999 -9999 -9999 -9999 -9999 -9999 -9999 -9999 -9999 -9999 -9999 -9999 -9999 -9999 -9999 -9999 -9999 -9999 -9999 -9999 -9999 -9999 -9999 -9999 -9999 -9999 -9999 -9999 -9999 -9999 -9999 -9999 -9999 -9999 -9999 -9999 -9999 -9999 -9999 -9999 -9999 -9999 -9999 -9999 -9999 -9999 -9999 -9999
-9999 -9999 -9999 -9999 -9999 -9999 -9999 -9999 -9999 -9999 -9999 -9999 -9999 -9999 -9999 -9999 -9999 -9999 -9999 -9999 -9999 -9999 -9999 -9999 -9999 -9999 -9999 -9999 -9999 -9999 -9999 -9999 -9999 -9999 -9999 -9999 -9999 -9999 -9999 -9999 -9999 -9999 -9999 -9999 -9999 -9999 -9999 -9999 -9999 -9999 -9999 -9999 -9999 -9999 -9999 -9999 -9999 -9999 -9999 -9999 -9999 -9999 -9999 -9999 -9999 -9999
-9999 -9999 -9999 -9999 -9999 -9999 -9999 -9999 -9999 -9999 -9999 -9999 -9999 -9999 -9999 -9999 -9999 -9999 -9999 -9999 -9999 -9999 -9999 -9999 -9999 -9999 -9999 -9999 -9999 -9999 -9999 -9999 -9999 -9999 -9999 -9999 -9999 23.17186 23.17186 23.17186 23.17186 23.90643 24.01418 -9999 -9999 -9999 -9999 -9999 -9999 -9999 -9999 -9999 -9999 -9999 -9999 -9999 -9999 -9999 -9999 -9999 -9999 -9999 -9999 -9999 -9999 -9999
-9999 24.98876 -9999 -9999 -9999 -9999 -9999 -9999 -9999 -9999 -9999 -9999 -9999 -9999 -9999 18.7883 18.7883 21.05375 21.05375 21.05375 21.05375 45.0199 56.46078 56.46078 56.46078 56.46078 56.46078 56.46078 56.46078 48.69142 16.29751 16.29751 16.29751 16.29751 16.29751 16.29751 16.41077 22.23559 23.17186 23.29317 23.66142 24.0113 24.01418 24.01418 -9999 -9999 -9999 -9999 -9999 -9999 -9999 -9999 -9999 -9999 -9999 -9999 -9999 -9999 -9999 -9999 -9999 -9999 -9999 -9999 -9999 -9999
24.98876 24.98876 24.98876 24.96461 24.07941 23.11774 23.11774 48.79607 62.22654 62.22654 56.08931 33.74302 18.7883 18.7883 18.7883 18.7883 19.12411 20.91279 21.05375 21.05375 21.05375 35.24963 56.46078 56.46078 56.46078 56.46078 56.46078 56.46078 51.68928 33.15277 16.29751 16.29751 16.29751 16.29751 16.29751 16.34824 17.58768 23.14269 23.17186 23.52709 24.01155 24.01418 24.11405 26.27968 26.97222 27.41547 32.54406 -9999 -9999 -9999 -9999 -9999 -9999 -9999 -9999 -9999 -9999 -9999 -9999 -9999 -9999 -9999 -9999 -9999 -9999 -9999
24.98876 24.98876 24.98876 24.37859 23.11774 23.11774 23.51076 52.99233 62.22654 62.22654 62.22654 57.33591 39.18762 19.84124 18.7883 18.7883 18.7883 20.2477 21.05375 21.05375 21.05375 31.2375 56.46078 56.46078 56.46078 56.46078 56.46078 56.46078 45.87801 16.29751 16.3009 17.43224 19.30954 23.82535 22.90973 24.63618 25.57788 24.19908 23.16314 23.17278 23.55944 24.25437 26.78792 26.97222 26.9896 30.98439 32.54406 32.54406 32.54406 32.54406 32.54406 -9999 -9999 -9999 -9999 -9999 -9999 -9999 -9999 -9999 -9999 -9999 -9999 -9999 -9999 -9999
24.98876 24.98876 24.98876 24.67817 23.27581 23.11774 23.92402 42.72219 57.70068 62.22654 62.22654 62.22654 62.22654 44.34512 27.21413 19.859 18.81573 20.27681 21.05375 21.05375 21.05375 37.60971 56.46078 56.46078 56.46078 56.46078 56.46078 56.46078 55.79048 51.84245 41.65678 30.21693 28.3194 27.31784 26.438 26.08819 25.98998 23.4688 23.14901 23.14901 23.14901 24.65886 26.97222 26.97222 27.46635 31.56261 32.54406 32.54406 32.54406 32.54406 27.63108 19.41009 -9999 -9999 -9999 -9999 -9999 -9999 -9999 -9999 -9999 -9999 -9999 -9999 -9999 -9999
33.77332 25.04103 24.98876 24.98876 23.93456 23.11774 23.11774 35.33141 58.49601 62.22654 62.22654 61.49473 54.35439 58.26261 45.84076 24.20332 23.3393 23.25499 20.8214 19.90177 20.12875 29.97651 36.07848 44.71038 49.81551 37.1278 41.20858 25.87391 23.3404 24.55051 29.71869 30.80761 30.80761 30.78884 30.78462 28.58405 27.3187 24.43567 23.17668 23.14901 23.14901 24.61375 26.97221 26.96652 26.46233 27.63091 30.6614 29.92635 29.54289 27.78906 20.52624 19.41009 19.41009 19.41009 -9999 -9999 -9999 -9999 -9999 -9999 -9999 -9999 -9999 -9999 -9999 -9999
45.74147 30.77954 26.57865 25.11113 25.65342 24.70184 23.21404 42.2518 62.22654 62.22654 62.00649 33.21278 23.82077 27.40079 24.42236 23.82077 22.62802 21.72564 18.25559 14.87033 15.29782 20.09665 22.38946 22.512 23.80897 22.38946 22.38946 22.38946 22.38946 30.93084 31.71072 48.20941 41.71824 30.02293 28.81096 28.72175 27.13387 23.53742 23.34255 195.2291 727.994 278.8486 24.725 24.27128 23.94572 24.19051 24.19051 24.19051 23.18628 19.41009 19.42129 19.41009 19.41009 19.41009 -9999 -9999 -9999 -9999 -9999 -9999 -9999 -9999 -9999 -9999 -9999 -9999
37.47282 31.09992 664.614 348.9536 31.00468 30.99265 33.58774 57.02642 54.50655 33.56495 32.55049 29.16347 26.50066 25.56699 25.73206 22.36384 15.86232 14.87033 14.87033 14.87033 14.89438 17.52634 20.26175 21.63262 21.3751 20.3552 24.83016 37.69174 31.16239 64.93564 82.48042 82.54967 77.05988 32.12614 25.75287 25.75287 25.39358 23.34747 78.79073 985.2663 1057.893 502.0316 23.34747 23.34775 23.9207 24.19051 24.19051 24.19051 23.411 53.09995 466.3521 19.41009 19.41009 19.41009 19.41009 -9999 -9999 -9999 -9999 -9999 -9999 -9999 -9999 -9999 -9999 -9999
42.32082 31.00468 684.1011 791.7913 31.00468 31.00468 31.00468 31.30538 30.24727 30.20561 30.20561 183.7899 501.2307 32.3048 30.20561 27.90648 16.81029 14.87033 14.87033 18.74561 24.24745 22.88216 19.84431 18.91315 18.97815 20.32451 55.94422 82.54967 82.54948 82.21389 82.54967 75.86745 45.90718 25.74818 25.75287 26.13276 29.45415 25.89172 23.61057 517.6908 902.1044 354.7169 23.34747 23.34747 23.57125 22.65347 23.16109 22.8267 13.39845 10.17501 12.0762 13.95538 19.14899 19.41009 19.41009 -9999 -9999 -9999 -9999 -9999 -9999 -9999 -9999 -9999 -9999 -9999
43.93455 32.25323 31.00468 31.00468 31.00468 31.00468 31.00485 32.31934 30.8278 30.20561 30.20561 560.4572 1211.603 264.9362 30.19913 30.16788 28.34509 22.20801 20.73759 29.11265 29.33099 27.11302 19.57643 18.9791 18.97815 18.97815 28.35125 64.17007 73.64236 82.54967 82.54967 71.40904 29.31182 25.63351 38.15298 42.13234 43.56963 43.63778 43.16409 30.71208 22.9431 20.35303 20.6611 20.67241 18.7887 17.00468 9.727759 9.50705 9.44425 9.44425 9.44425 9.44425 11.77338 15.53088 19.24778 -9999 -9999 -9999 -9999 -9999 -9999 -9999 -9999 -9999 -9999 -9999
33.9729 27.08886 26.44499 27.87762 29.34743 31.4409 32.00629 32.48847 32.29928 31.19736 30.69177 30.26239 28.69946 25.93131 24.77038 26.33006 27.77475 29.33099 29.33099 29.33099 27.69253 21.71556 20.80234 20.03259 18.97815 18.97815 18.97815 30.61716 75.89838 79.14326 51.30046 31.51739 25.62279 25.62279 30.05809 43.77985 43.87677 43.86892 37.81194 16.55395 14.25216 14.25216 14.25216 14.23697 11.2585 10.26977 9.44425 9.433959 9.438106 9.328772 9.44425 9.44425 9.44425 9.444249 9.44425 -9999 -9999 -9999 -9999 -9999 -9999 -9999 -9999 -9999 -9999 -9999
25.41361 25.41361 25.41361 25.41361 27.79312 32.50144 32.5392 32.5392 32.5392 32.5392 32.19678 26.8338 23.37219 23.32905 23.32905 23.32905 24.29025 28.6396 29.33099 29.33099 23.38133 20.80234 20.80234 20.76097 21.08087 23.1986 22.55294 22.98384 72.68574 82.54967 52.88037 25.62279 25.63413 25.83829 25.93656 28.86253 38.03721 38.83423 29.10882 21.08725 15.92166 14.25216 14.25216 14.25216 12.7511 7.939118 7.243777 7.090041 7.185807 7.142832 8.130957 9.239153 9.44425 9.44425 9.44425 -9999 -9999 -9999 -9999 -9999 -9999 -9999 -9999 -9999 -9999 -9999
239.6136 409.0063 25.41361 25.41361 25.73279 31.05667 32.5392 32.5392 32.76253 33.38648 31.93424 28.81722 24.77915 24.95828 24.62047 24.9006 23.57031 27.39039 29.29457 29.33099 27.17386 22.52978 20.80234 20.80234 21.03031 25.67524 26.82406 26.82406 34.07138 52.0642 36.67797 25.79951 25.97182 26.01384 26.01384 26.01384 26.17618 26.59464 29.0042 43.61088 25.4958 31.21947 14.25216 13.13965 7.356315 7.01263 7.01263 7.01263 7.01263 7.01263 7.01263 7.477656 8.12708 7.848689 7.217448 -9999 -9999 -9999 -9999 -9999 -9999 -9999 -9999 -9999 -9999 -9999
249.8506 1011.624 25.95428 25.42064 33.71841 40.51598 40.13017 39.40963 39.67427 40.61824 40.61824 32.89239 28.35136 28.35136 28.35136 28.35136 27.48411 27.55795 27.39866 24.853 22.52552 21.58889 21.73145 23.5442 26.14348 41.11839 535.976 422.7065 26.82406 26.77798 26.0785 26.01384 26.01384 26.01384 26.01384 26.39129 26.56071 26.66639 35.22079 206.9312 315.1638 300.9184 311.8168 313.5637 303.8123 129.4975 7.136944 10.59483 8.283983 7.01263 7.01263 7.01263 7.01263 7.01263 7.01263 7.01263 -9999 -9999 -9999 -9999 -9999 -9999 -9999 -9999 -9999 -9999
25.41361 25.41332 25.41308 25.41339 33.18651 40.61329 40.61824 40.61824 40.61824 40.61824 38.66275 29.82087 28.46775 29.99274 28.95308 28.35136 28.35136 28.35136 28.35136 28.35136 27.94584 25.78605 26.74953 26.82406 26.82406 282.379 2380.737 924.7623 26.82406 26.79664 26.30313 26.01876 26.01384 26.01384 26.01384 29.25705 30.92037 30.6962 28.79326 26.59464 131.5308 200.3758 132.0085 86.85277 45.03769 7.288692 13.37629 15.99242 15.95346 13.69801 8.951119 7.025331 9.794761 26.79401 24.98965 25.92389 -9999 -9999 -9999 -9999 -9999 -9999 -9999 -9999 -9999 -9999
25.4124 25.41212 25.41212 25.41214 25.75088 33.04614 38.22353 40.61824 37.84067 37.42053 40.61824 28.35136 31.00861 49.80513 31.77348 28.35136 28.35136 28.35136 28.35136 28.35136 28.38929 28.29731 27.45607 26.82406 26.82406 26.82406 26.82406 27.25863 27.92011 29.85264 31.76678 29.47138 27.92543 26.13867 26.84176 30.94845 31.39547 31.39547 30.92542 27.00134 26.59464 26.59464 26.53776 25.68693 22.25167 16.51699 15.99242 15.99242 16.45219 27.76369 32.29097 30.10473 30.51969 34.84761 34.84761 34.84761 -9999 -9999 -9999 -9999 -9999 -9999 -9999 -9999 -9999 -9999
25.41212 25.41212 25.41212 25.41212 25.41212 25.94029 26.98223 31.25155 27.11584 27.1014 27.40371 44.28605 49.80513 49.80513 47.90376 42.86361 29.93984 28.84614 29.55531 30.08969 30.46032 30.73273 30.46904 30.65379 29.15482 28.81511 31.47024 33.46719 34.0801 34.0801 34.04436 32.06374 31.46405 27.5846 27.57758 29.01175 31.39547 31.39547 31.39547 30.97029 25.3191 19.41568 16.12591 16.0393 15.99242 15.99242 16.56825 20.00222 16.79725 32.97445 38.67111 35.25861 34.84761 34.84761 34.72806 34.80685 34.84761 -9999 -9999 -9999 -9999 -9999 -9999 -9999 -9999 -9999
25.3723 25.41212 25.41212 25.41212 25.41212 26.79476 27.02341 27.02341 27.02341 27.02341 28.54459 35.77969 49.80513 49.80513 49.80513 49.03802 38.65717 31.22718 30.73273 30.73273 30.73273 30.73273 31.93437 33.97245 34.0801 33.2255 34.0801 33.32285 31.77868 26.99578 27.79017 27.57758 27.57758 27.57758 27.63707 28.92283 29.20456 25.70441 24.53487 28.46253 18.44163 15.99242 15.99242 15.99242 17.31623 28.13874 47.35682 51.92639 51.86646 51.94197 51.97902 50.1665 29.42876 28.15215 27.43292 27.25194 27.11789 -9999 -9999 -9999 -9999 -9999 -9999 -9999 -9999 -9999
22.85511 24.8091 24.98607 24.03886 25.74699 26.5371 27.02341 27.02341 27.02341 27.02341 34.84126 48.2845 49.80513 49.80513 49.80513 49.80513 49.63501 34.45125 30.73273 30.73273 30.73273 30.73273 30.86218 31.99122 32.772 35.5646 26.25935 73.83779 840.6562 769.3212 20.86115 24.55449 27.57758 27.57758 27.57758 25.83217 20.61617 14.67862 14.62098 18.78675 15.99242 15.99242 17.33692 23.49397 30.89354 31.21839 40.55423 51.97902 51.97902 51.97902 51.97902 51.97902 46.29032 26.22328 26.22328 26.22328 26.22328 -9999 -9999 -9999 -9999 -9999 -9999 -9999 -9999 -9999
21.82783 21.82783 21.82783 22.04888 26.4246 27.02341 27.02341 27.02341 27.02341 27.14425 36.58768 46.41022 49.80513 49.80513 49.80513 49.80513 49.04957 34.576 30.73273 30.73273 30.73273 30.73273 30.73273 35.55379 53.21402 59.49104 37.26589 21.16793 95.58767 106.2832 20.67146 20.83732 23.97766 24.6305 19.93003 14.76633 14.62041 14.62041 14.62041 15.52089 22.70958 23.80545 30.13733 30.96817 30.96817 30.96817 30.98248 43.87917 49.68044 51.97902 51.97902 51.97902 41.38765 25.345 25.35679 24.86568 28.49237 35.51609 -9999 -9999 -9999 -9999 -9999 -9999 -9999 -9999
