data/polds90g.asc
ncols         288
nrows         192
xllcorner     13
yllcorner     48
cellsize      0.0416666666667
NODATA_value  -9999
[rows 116 to 144 of 192, columns 66 to 131 of 288]
46.92577 46.99046 48.43349 245.014 409.2489 49.55809 50.70204 55.23693 93.45433 281.7444 179.4949 60.12951 60.12951 56.43458 45.12577 42.62831 54.15037 108.3691 95.09473 91.88667 91.88667 91.88667 87.82539 60.63708 58.2244 776.0136 2218.352 2218.352 2218.352 2218.352 2218.352 2190.223 2218.352 1272.272 73.09235 73.09235 73.06129 61.30101 43.70478 43.44294 52.64431 71.49879 74.29875 58.06376 44.27663 44.22727 48.22057 82.14969 92.9547 85.42207 46.97828 42.39048 46.55661 55.56994 64.35867 62.63386 57.31174 54.58711 57.03304 57.95773 60.83468 66.96775 66.56171 68.97657 70.80682 71.79256
46.26522 46.26522 48.52103 304.0825 565.4108 49.55809 45.23812 39.95266 43.91639 190.0944 245.3012 58.98861 55.73966 49.89478 48.81446 48.81446 52.09916 71.65759 71.11058 81.69345 82.83205 87.60298 66.94871 48.36163 51.7674 82.53661 1116.006 1474.17 2132.805 2218.352 2218.352 2218.352 2218.352 1964.021 197.6885 77.48311 76.57759 78.31776 80.38058 84.13542 79.39212 74.29875 74.29875 65.8678 44.27772 44.46947 59.34431 78.06146 92.95471 84.56386 71.1123 40.05548 45.35388 58.97709 62.23367 62.37793 58.61713 54.58675 54.58675 54.58675 54.58675 54.94968 55.6981 65.38371 120.5393 103.1248
49.0387 47.28769 49.92586 50.07087 44.29577 36.82785 33.99908 33.46304 33.46304 153.4085 1170.056 292.4117 57.81613 55.2774 52.2602 51.6236 53.32423 53.89809 53.67463 47.30032 45.70967 46.58496 45.92311 66.96021 85.39429 100.3883 100.3883 100.3883 436.6998 1650.895 1881.068 1807.68 1127.174 178.7947 87.62685 84.56764 86.33923 110.4245 125.3769 125.3769 108.6188 97.21075 89.23592 88.10085 88.77302 86.42276 92.75427 92.95471 79.33318 46.67743 32.96631 32.96631 41.86644 62.37793 62.37793 62.19589 59.65781 59.89082 78.36367 98.70355 89.79245 54.70841 55.60493 55.80436 107.8959 143.0462
51.54259 50.06273 50.10135 50.10135 48.59255 38.47476 33.65035 37.23865 38.2828 40.56705 78.77444 55.36958 93.65553 125.9088 137.3614 88.08007 87.00075 66.11769 49.29791 45.71929 48.09061 46.18018 60.4921 98.1764 100.3883 100.3883 92.83312 76.67702 74.64639 71.47193 71.51672 106.7987 118.3162 118.3162 113.6747 100.1115 72.73081 118.7902 125.3769 106.2712 113.141 125.3769 111.7093 92.99574 92.9547 92.9547 92.9547 91.91853 79.76054 35.93792 32.83289 32.96631 52.93655 62.37793 62.37793 62.37793 66.83887 152.6913 190.4044 192.2339 191.6846 123.3664 72.27179 55.80436 88.54399 125.596
58.24413 53.85269 50.10987 100.2143 86.10339 59.28123 67.34687 53.63817 41.39822 41.39822 47.8291 63.83143 172.8353 201.8523 201.8523 201.8435 185.5912 160.4369 134.0632 143.084 97.19001 48.20773 48.12296 69.73811 98.52121 97.452 86.66892 72.71501 72.71501 68.31612 63.45892 66.41999 76.61423 81.5249 58.10211 51.90184 426.348 319.8895 101.8503 85.04251 51.67974 88.46013 70.80404 59.26756 60.33555 63.32766 49.30829 32.20204 31.16224 30.94476 33.60896 36.82995 47.88445 52.39197 61.0913 62.43753 128.4223 192.1926 192.2339 192.2339 173.4432 192.2298 146.3716 56.09549 57.09543 47.77339
249.8572 170.9061 140.7849 99.0014 125.5715 88.11983 79.42549 75.24008 72.0248 71.77483 66.60462 63.53418 124.0385 201.8523 201.8523 168.1812 157.3195 152.7649 149.5255 132.0643 50.82164 52.36693 60.16599 88.01377 90.42984 90.23649 77.59049 72.715 71.10436 64.11889 63.26081 63.19176 61.00466 58.31957 56.03198 71.7233 845.3866 845.311 82.19822 52.23632 44.42532 39.18532 39.18532 39.18532 39.18532 39.05669 32.79586 31.10943 36.06476 41.35692 45.68111 45.85261 45.74153 43.13626 44.75216 84.51067 154.3047 192.2339 166.0994 146.7531 36.91139 53.44735 129.5966 77.92899 68.40067 42.00493
742.4449 492.3846 446.024 73.10818 72.44551 70.17464 69.15438 74.00481 79.42549 79.42549 75.33813 61.11675 89.1459 349.4819 456.1485 371.6115 157.0965 140.2165 103.8926 72.92487 66.02792 66.0789 77.93285 90.23649 90.23649 87.68584 63.30513 67.97176 69.73759 56.31045 54.71873 56.31159 58.23683 58.31622 58.14842 53.27652 51.90184 51.90184 52.4567 54.57478 101.6313 39.8641 39.18532 39.18532 39.18532 42.37885 49.40026 49.9862 50.95081 47.13545 45.85261 44.79309 43.41407 42.8573 42.8573 42.97877 74.81528 107.6636 51.53 36.55581 36.55581 36.68573 83.62599 86.32069 83.84407 70.3724
277.7445 114.9621 113.9867 94.02803 69.33129 61.93542 61.93542 61.82778 58.23012 59.90925 55.02761 52.15448 846.6292 1070.973 360.0057 92.7571 134.3347 2395.411 1370.023 70.58757 66.92693 66.0789 78.94741 86.33998 80.96441 64.22027 54.52691 55.14532 56.75255 53.88568 55.43284 66.92907 85.89451 56.22233 55.68961 53.60846 52.09997 51.97087 53.69566 55.1586 1172.377 1757.183 97.73893 47.99789 48.455 51.28109 52.78318 52.78318 52.78318 51.89287 51.58825 55.17542 42.8573 48.74516 62.79964 52.19891 38.7942 36.58485 37.16903 36.55581 36.55581 37.30817 72.88975 86.32069 86.32069 86.32069
102.6451 179.6426 228.4625 129.1897 57.31746 70.51205 374.5891 59.84494 66.62002 64.03745 50.74342 309.9763 1266.856 1721.264 538.6962 71.34835 71.34835 934.0425 340.0059 71.36328 70.75832 70.424 63.5377 60.9805 60.9805 60.1015 60.82985 53.62785 49.18806 53.47181 112.5078 132.7854 132.7854 100.6417 54.38055 54.38055 54.29702 53.76908 55.39819 56.0222 56.32739 56.54696 66.15647 71.1738 69.02255 69.87656 60.20072 53.58961 54.21667 104.3879 122.9802 135.5316 69.09534 59.63318 74.7772 76.67496 64.55537 60.20221 57.85409 40.80754 44.63269 42.62458 68.75587 78.48717 76.30372 81.37605
135.5258 317.0656 316.2955 76.18892 55.14692 213.343 852.8547 443.3443 65.58566 117.9747 561.101 1083.474 1715.033 1695.65 226.9811 73.05156 71.84047 71.34835 71.34835 80.04474 73.73678 253.5386 68.4675 64.98043 61.63808 62.37538 70.61324 55.62909 49.11795 99.95786 132.7854 132.7854 132.7854 110.8877 71.4433 54.38055 60.96424 69.48701 67.14125 63.097 58.17958 56.80975 65.91594 86.64649 86.67223 86.67223 86.67223 81.15317 83.70802 145.194 156.1171 141.9622 96.98383 77.48634 66.91996 66.2409 64.28813 60.40821 67.52409 72.45566 53.10797 49.59631 50.30845 58.72814 68.97663 70.51241
143.9502 251.2095 121.2096 92.10696 89.35072 93.8302 67.36211 52.40087 56.92934 69.24432 304.7231 532.4985 1188.275 735.6439 216.4017 89.02805 75.00232 76.51118 107.6859 153.9065 442.8181 1874.114 554.8817 75.92065 84.70024 89.95889 86.67383 53.9284 49.02657 58.70555 128.6091 132.5614 104.4487 63.34968 81.91492 56.44133 65.38157 70.41188 70.90767 70.90767 70.40582 63.86179 70.94955 84.72937 85.26924 86.43148 81.49628 78.48965 70.61372 73.97507 95.02454 395.1536 147.3875 73.69801 61.19545 60.40821 60.40821 61.585 144.7555 174.9135 106.246 83.82948 68.18401 70.51241 70.51241 70.38688
-9999 -9999 94.66489 94.66489 94.66489 94.66489 92.15122 62.87292 65.63034 73.96902 101.919 111.4196 121.9529 156.6563 177.9319 159.7461 104.6122 100.2936 164.5587 395.6089 794.2249 707.9178 72.16215 237.2064 311.1413 91.67551 79.90389 47.97664 49.10369 79.52324 101.6858 94.62295 55.63846 50.01348 50.01196 56.32235 70.38874 70.90767 70.86656 70.76176 70.89796 71.33565 76.36602 76.50423 77.02954 80.98077 73.88023 70.81918 72.2729 90.52289 810.0577 1308.372 1200.261 722.3033 216.3226 73.36292 116.1572 180.4951 180.7905 185.7301 181.4751 160.1251 91.30479 85.43606 79.10432 68.24747
-9999 -9999 -9999 -9999 -9999 -9999 94.66489 94.66489 99.48838 111.4196 111.4196 111.4196 165.6546 165.6546 165.6546 133.9045 120.7293 96.06706 119.4059 519.8262 363.5594 72.0082 63.74633 76.22057 189.4678 161.5925 119.2709 64.02792 50.02371 58.90733 89.68539 89.68539 89.35815 62.04017 50.01196 57.10608 70.90767 70.79404 66.04887 63.50518 70.58155 73.34163 76.50423 76.50423 76.50423 76.50423 74.38556 82.81045 180.604 166.391 249.9802 907.0129 1105.852 1377.242 822.7606 80.24086 80.24086 95.66368 139.6116 152.5381 150.6064 90.65118 84.62156 96.01743 91.58363 71.90079
-9999 -9999 -9999 -9999 -9999 94.66489 94.66489 94.66489 -9999 -9999 -9999 -9999 -9999 -9999 -9999 96.95628 96.95627 446.4221 409.7091 96.95628 70.90919 55.44761 55.44761 58.35122 130.3248 173.5588 173.5588 172.3073 103.6993 89.68539 89.68539 89.68539 85.01938 58.21594 46.00888 62.51955 68.84749 64.71684 61.37208 61.92773 64.24532 71.06055 75.87665 74.97495 75.51839 72.4882 71.22151 70.09859 95.54612 177.7402 150.6518 85.08061 150.398 882.8403 266.571 124.3628 116.8871 95.22714 75.53361 140.3344 185.2566 143.8657 68.57198 70.92976 121.1651 153.4408
-9999 -9999 -9999 -9999 -9999 -9999 -9999 -9999 -9999 -9999 -9999 -9999 -9999 -9999 -9999 77.06708 79.04622 180.6311 618.7292 329.5595 95.17744 61.49121 57.52883 81.6996 152.4093 173.5588 173.5588 152.9306 92.71946 90.35099 89.68539 84.7961 53.8782 44.79334 44.92299 54.50129 58.82684 59.34885 60.09925 60.70382 62.22192 65.91266 67.52628 67.51196 68.78771 68.76461 67.11063 67.37204 76.31073 84.54089 84.48758 95.91228 110.9434 124.7652 132.9466 133.8965 127.8479 71.88959 73.01169 175.3159 185.2566 172.9381 76.16912 68.57198 67.85799 116.7812
-9999 -9999 -9999 -9999 -9999 -9999 -9999 -9999 -9999 -9999 -9999 -9999 -9999 77.06708 77.06709 77.06708 77.06708 77.06708 219.0131 274.9554 88.11346 72.44034 77.37131 85.9641 96.10833 106.8204 111.07 98.13918 94.84811 92.77711 89.72837 78.82049 68.70227 59.23212 71.32231 114.2011 173.1193 156.5451 196.8796 178.7491 109.2116 67.50042 67.05663 65.88413 65.33437 62.23387 61.8794 65.1335 67.73972 78.36769 83.15089 244.4914 271.7861 142.9647 140.6469 140.5946 92.70387 82.65453 152.4832 185.2566 185.2566 185.2566 166.3216 82.54914 64.76342 59.09512
-9999 -9999 -9999 -9999 -9999 -9999 -9999 -9999 -9999 -9999 -9999 324.0655 324.0655 175.1919 80.26414 73.46298 74.83689 72.84382 74.78481 73.97439 71.938 172.2091 78.99446 80.8405 84.52828 83.06109 81.99033 81.95391 104.6847 139.1414 118.5012 97.27906 81.99397 81.99397 81.99397 120.1479 276.5468 280.0835 280.0835 280.0835 258.0156 97.86008 62.21807 61.77652 61.7764 61.7852 65.3054 66.83494 75.25276 79.25948 79.25948 123.3901 280.0309 263.0222 147.0242 146.9017 234.9973 188.1128 133.7759 138.5242 132.5883 152.4111 143.6701 152.21 155.2243 132.3916
-9999 -9999 -9999 -9999 -9999 -9999 -9999 -9999 -9999 -9999 324.0655 312.5105 153.4807 84.59315 62.31757 63.35488 61.43098 103.7621 100.4953 71.938 389.391 1193.426 388.2397 71.938 71.72852 71.36265 71.35806 75.23049 175.1944 181.9356 181.9356 181.7061 153.6704 103.6326 81.99397 134.0176 260.994 280.0835 280.0835 280.0835 278.8499 132.6735 61.7764 61.7764 63.39571 66.06759 67.1692 67.18841 75.9628 80.29154 79.86404 99.36829 235.6277 226.6289 223.3403 239.7637 324.456 249.3891 103.7456 103.0906 92.89012 85.95649 85.17547 105.8063 102.1626 99.5239
-9999 -9999 -9999 -9999 -9999 -9999 -9999 -9999 -9999 -9999 -9999 214.682 45.50755 45.50755 110 168.4412 61.43098 244.1386 303.1571 71.938 109.5504 291.8316 71.938 71.95681 73.29156 77.38561 80.83926 84.16116 -9999 -9999 181.9356 181.9356 119.5481 81.99397 81.99397 86.63533 192.5364 228.9414 200.4032 210.1075 239.133 225.744 213.2817 114.1871 69.9014 67.18841 67.18841 67.18841 69.07782 92.66863 94.6867 251.8946 168.5283 98.93797 103.1024 105.1933 205.8588 309.2644 167.391 245.5271 295.7316 285.1149 85.85724 78.87439 76.90503 76.90503
-9999 -9999 -9999 -9999 -9999 -9999 -9999 -9999 -9999 -9999 -9999 -9999 45.50755 45.50755 274.7069 175.6439 61.43098 63.77853 65.54008 66.59157 66.24818 67.23399 69.85736 72.19283 83.48026 84.16116 84.16116 84.16116 84.16116 -9999 -9999 -9999 -9999 -9999 81.99397 100.343 155.3642 167.4688 167.4688 167.4688 172.4718 257.7075 259.0369 254.1674 108.4199 63.89947 65.15839 64.71748 82.33524 94.78434 94.78434 94.78498 97.30424 96.59608 97.70281 101.8034 250.6771 586.2744 595.1216 595.1216 595.1216 576.6041 386.1129 99.86413 76.90504 76.90504
-9999 -9999 -9999 -9999 -9999 -9999 -9999 -9999 -9999 -9999 -9999 -9999 -9999 -9999 -9999 228.9356 62.91964 65.15321 65.48367 65.48367 65.48367 65.48367 65.48367 65.5665 76.36951 83.72813 74.28674 71.20041 65.70181 62.60453 62.60453 -9999 -9999 -9999 -9999 167.4688 167.4688 167.4688 167.4688 167.4688 176.9724 254.6043 259.0369 250.1962 126.2801 62.30378 62.30378 83.6649 92.24887 91.59409 94.78428 94.18408 77.39009 72.8609 71.53354 96.87959 102.5304 181.9532 160.5531 270.4781 536.0035 175.8997 77.20048 76.52814 73.72662 72.12282
-9999 -9999 -9999 -9999 -9999 -9999 -9999 -9999 -9999 -9999 -9999 -9999 -9999 -9999 -9999 -9999 -9999 65.48367 65.48367 65.48367 65.48367 65.48367 65.48367 65.48367 65.48367 64.57758 62.60465 62.60453 62.60453 62.60453 62.60453 -9999 -9999 -9999 -9999 -9999 -9999 -9999 167.4688 167.4688 167.4688 200.861 258.9821 157.4305 62.30378 62.30378 62.30378 88.21005 88.21005 88.32259 90.0551 89.98589 70.25069 63.41119 63.41119 74.25162 90.29169 98.35361 99.85531 89.02986 98.92198 77.15266 78.84869 79.01243 70.83717 70.08948
-9999 -9999 -9999 -9999 -9999 -9999 -9999 -9999 -9999 -9999 -9999 -9999 -9999 -9999 -9999 -9999 -9999 -9999 65.48367 65.04994 58.44244 48.80016 55.57943 58.72196 62.77642 64.61263 62.63089 62.60453 62.60453 62.60453 62.60454 -9999 -9999 -9999 -9999 -9999 -9999 -9999 -9999 -9999 -9999 -9999 -9999 -9999 -9999 -9999 -9999 88.21004 88.21005 88.21004 88.21004 88.21004 67.29806 63.41282 63.41119 64.80238 86.12178 90.57524 98.19957 100.1767 90.73817 96.31915 104.3485 105.8458 103.3315 76.0384
-9999 -9999 -9999 -9999 -9999 -9999 -9999 -9999 -9999 -9999 -9999 -9999 -9999 -9999 -9999 -9999 -9999 -9999 -9999 45.51784 44.93787 44.93787 44.93787 44.93787 45.06877 55.13125 62.26102 62.60453 -9999 -9999 -9999 -9999 -9999 -9999 -9999 -9999 -9999 -9999 -9999 -9999 -9999 -9999 -9999 -9999 88.21005 88.21005 88.21005 88.21005 88.21004 88.21005 88.21005 81.8569 65.70097 63.44168 63.42289 77.90993 88.0152 85.0256 88.70383 86.647 108.5063 115.2032 118.4792 106.139 105.8458 263.5851
-9999 -9999 -9999 -9999 -9999 -9999 -9999 -9999 -9999 -9999 -9999 -9999 -9999 -9999 -9999 -9999 -9999 -9999 -9999 44.93787 44.93787 44.93787 44.93787 44.93787 44.93787 44.93787 -9999 -9999 -9999 -9999 -9999 -9999 -9999 -9999 -9999 -9999 -9999 -9999 -9999 -9999 -9999 -9999 -9999 -9999 88.21005 88.21005 88.21005 88.21005 88.21005 84.52972 89.14191 75.63117 63.45719 63.45719 63.45719 93.0583 93.40154 77.33949 99.40176 209.3212 175.9153 134.3094 140.2278 136.7944 151.006 981.501
-9999 -9999 -9999 -9999 -9999 -9999 -9999 -9999 -9999 -9999 -9999 -9999 -9999 -9999 -9999 -9999 -9999 -9999 -9999 -9999 44.93787 44.93787 44.93787 44.93787 -9999 -9999 -9999 -9999 -9999 -9999 -9999 -9999 -9999 -9999 -9999 -9999 -9999 -9999 -9999 -9999 -9999 -9999 -9999 -9999 -9999 88.21004 88.21005 83.18604 72.30914 69.1799 70.87595 90.70715 81.96911 74.02207 70.43268 91.3571 114.9884 226.3811 732.2497 888.061 826.9768 197.6212 155.2715 272.2138 472.5738 717.1714
-9999 -9999 -9999 -9999 -9999 -9999 -9999 -9999 -9999 -9999 -9999 -9999 -9999 -9999 -9999 -9999 -9999 -9999 -9999 -9999 -9999 -9999 -9999 -9999 -9999 -9999 -9999 -9999 -9999 -9999 -9999 -9999 -9999 -9999 -9999 -9999 -9999 -9999 -9999 -9999 -9999 -9999 -9999 -9999 -9999 -9999 -9999 67.61008 67.61008 67.61008 69.8796 93.17799 94.18366 94.18366 94.71715 118.8036 123.2978 237.1024 758.6911 767.75 613.1171 199.1196 324.007 919.7686 1530.609 1229.818
-9999 -9999 -9999 -9999 -9999 -9999 -9999 -9999 -9999 -9999 -9999 -9999 -9999 -9999 -9999 -9999 -9999 -9999 -9999 -9999 -9999 -9999 -9999 -9999 -9999 -9999 -9999 -9999 -9999 -9999 -9999 -9999 -9999 -9999 -9999 -9999 -9999 -9999 -9999 -9999 -9999 -9999 -9999 -9999 -9999 -9999 -9999 -9999 67.61008 67.61008 67.61008 83.67321 94.18366 94.18366 94.18366 94.18365 144.9834 144.9834 166.7274 184.2215 188.7016 193.8129 450.2351 883.7668 1046.169 1160.078
-9999 -9999 -9999 -9999 -9999 -9999 -9999 -9999 -9999 -9999 -9999 -9999 -9999 -9999 -9999 -9999 -9999 -9999 -9999 -9999 -9999 -9999 -9999 -9999 -9999 -9999 -9999 -9999 -9999 -9999 -9999 -9999 -9999 -9999 -9999 -9999 -9999 -9999 -9999 -9999 -9999 -9999 -9999 -9999 -9999 -9999 -9999 -9999 -9999 67.61008 67.61008 85.34971 94.18366 -9999 -9999 -9999 144.9834 144.9834 170.3031 184.1763 184.5016 247.3462 282.4657 332.7498 607.8854 791.6768
