data/polds90ag.asc
ncols         288
nrows         192
xllcorner     13
yllcorner     48
cellsize      0.0416666666667
NODATA_value  -9999
[rows 58 to 86 of 192, columns 132 to 197 of 288]
43.89404 41.68774 35.07635 33.49255 30.8694 82.82657 65.8744 50.78841 45.92387 38.69032 35.93322 35.92097 37.52792 59.02879 64.58088 64.41292 54.45482 36.60323 36.43486 36.693 36.32206 33.85857 33.31609 28.54602 25.43614 339.5389 98.04823 25.15013 31.59622 41.02002 41.02002 40.77545 39.4859 37.25009 36.69886 36.51345 33.06579 32.63081 32.63081 32.99333 35.45999 35.59241 35.59241 35.59241 35.30668 34.057 33.19505 29.46984 22.98634 22.86171 18.88721 12.43421 12.33623 12.33623 12.33623 13.71735 15.59469 21.51427 24.70556 1289.706 870.8379 24.70556 24.55429 22.78192 20.72138 20.72138
47.14352 44.49182 53.43271 65.17091 62.13762 78.67666 636.0412 668.5306 448.6526 36.52991 40.55134 44.96732 57.98942 64.58088 64.57718 64.55648 60.35532 39.66742 38.15342 38.75544 38.78428 38.64476 38.78647 45.50227 54.44757 45.84211 38.94406 30.82807 38.38081 240.1784 284.0141 50.06001 41.02002 36.792 33.72188 30.54434 29.55946 32.63081 32.63081 32.63081 32.82481 34.63626 35.53416 35.59241 35.59241 35.64581 35.62415 44.78066 48.50799 48.12027 32.12535 12.33623 12.33623 12.33623 12.33623 12.33623 12.33623 14.89641 24.70556 24.70556 24.70556 24.70556 24.70556 23.87947 21.76707 20.72196
69.82787 139.907 107.7286 68.38939 68.38939 746.1246 1656.498 792.1051 290.9049 56.15652 56.5465 56.79659 58.60258 62.47201 55.71755 50.30274 49.85679 43.08394 38.78647 38.78647 38.78647 38.78647 41.2859 54.6874 57.39806 57.47202 55.89682 44.39995 40.8976 165.5694 100.4966 45.80553 41.02002 37.89114 27.23121 25.84878 26.0523 28.02491 32.48772 32.19283 32.16085 30.29784 33.73729 36.66022 42.10583 54.5299 55.64483 55.5522 57.90325 57.90325 41.24882 13.21428 13.1174 12.33623 12.33623 12.33623 14.83477 21.92594 23.61253 22.92385 21.72631 22.62976 24.70556 24.70556 24.19548 21.70797
188.6165 165.9336 96.45326 64.28341 178.6597 1413.309 1117.446 392.2946 56.62771 56.52605 56.33517 56.5465 54.24628 50.30453 49.52116 57.68689 60.57673 60.70671 39.2247 38.78647 38.78647 39.67374 50.39794 55.35955 55.16546 267.1656 383.7322 56.62997 43.64835 39.62989 39.7137 39.34465 41.08229 43.2711 39.84336 29.50831 25.84878 25.84878 29.68353 27.22952 26.23019 24.82792 24.76269 37.76248 57.90325 57.90325 57.90325 57.90325 57.90325 57.90325 57.90325 54.54539 31.1681 12.3963 13.2705 17.53547 18.46544 18.48192 18.48192 18.48192 18.48192 18.68483 20.80536 22.96939 23.43907 22.86109
49.43006 46.1067 48.35289 52.99541 55.02791 56.6418 55.02228 53.69995 56.09959 55.87159 55.67476 55.89273 55.22564 50.48808 52.43918 64.44749 65.04232 63.703 51.35609 42.5533 34.99847 43.74699 54.30095 55.09063 55.09063 151.4931 134.716 57.12264 50.41886 40.00827 39.03412 39.13241 45.84976 47.07241 47.07241 43.09149 34.90882 30.66384 33.63348 38.39397 32.14745 24.7931 24.76269 36.90018 57.90325 57.90325 57.90325 57.90325 57.90325 38.89794 27.65585 19.3196 15.33443 15.20652 17.88185 18.48192 18.48192 18.48192 18.48192 18.48192 18.48192 18.48192 18.48192 19.81516 26.03979 41.65188
48.97628 50.26265 51.97231 54.88831 54.18637 47.06216 42.75827 42.79939 47.77368 54.06871 53.00141 51.8171 52.77564 50.75013 57.07275 64.72076 64.97722 64.99947 52.28129 38.63947 34.18161 34.18161 38.51798 39.16592 45.56089 55.09063 53.25219 51.50296 39.68695 39.03412 39.03412 47.0184 50.63222 47.09081 47.07241 47.07241 45.21916 39.39697 39.00251 39.00251 33.27697 24.76269 24.76269 41.9538 49.83184 57.85792 57.90325 57.90325 49.54697 22.81669 15.66256 15.27504 15.27504 15.27504 15.53512 18.26551 18.48192 18.86162 23.86825 24.20116 23.21236 19.69119 22.74732 26.89431 27.75978 30.46424
51.85067 55.98313 62.07894 62.31766 61.95325 53.49688 42.75063 42.75063 42.97363 44.49587 130.5308 45.58589 49.6265 49.87418 50.35432 46.35023 45.85765 49.72587 43.88153 38.69983 43.73093 35.63536 39.15136 37.34323 38.72986 40.03801 39.14507 39.03991 39.03803 43.90908 52.97824 58.16961 58.25286 53.11515 45.54462 44.01926 42.47976 40.39932 39.00251 39.00251 37.22368 28.89151 24.76269 24.76269 24.76269 35.29504 51.40114 44.22869 30.80999 27.36087 25.68876 15.64718 16.4611 20.2189 21.96561 21.3252 21.08714 24.72011 28.32221 28.83646 28.83646 28.72556 28.25426 28.04593 27.7508 33.88044
61.21387 62.73903 62.77673 62.6325 62.17073 52.8038 42.89998 43.72983 44.55309 45.96883 699.5155 307.2775 42.46524 39.95007 44.91946 44.54887 43.94729 43.94729 43.94729 43.76278 163.5379 725.1439 532.4133 42.86298 44.02523 45.3452 44.85526 45.58567 44.51418 55.76267 58.25286 58.25286 58.25286 57.15617 42.88205 40.92127 40.92127 40.87222 40.47639 77.66833 187.0821 38.21782 25.40085 24.76269 24.76269 24.80352 26.83922 27.36087 27.36087 27.36087 24.51346 16.23332 25.5914 28.83646 28.83646 28.83646 28.83646 28.83646 28.83646 28.83646 28.83646 28.83646 28.98751 29.25087 31.59766 34.06684
59.7781 60.50119 131.3809 59.18286 56.34687 55.99069 52.9322 45.19338 44.7263 44.7263 44.7263 43.36765 37.81415 37.80267 37.98515 41.55438 42.98134 43.55719 43.8214 43.50175 150.8177 554.1669 125.7358 46.2071 48.00055 41.43163 37.77205 38.07166 41.31567 46.87422 58.1049 58.25286 58.25286 57.4164 47.59525 41.07662 40.92127 40.38553 39.01284 363.3181 970.311 95.29543 45.55327 43.9631 42.5525 44.11927 31.74707 32.43864 31.22509 31.55449 29.30181 27.49542 27.12017 27.85358 25.78184 28.61756 28.83646 28.83646 28.84586 29.40589 29.74305 29.62388 30.08204 30.99395 35.59585 35.71256
57.28307 69.0509 980.8796 169.2729 55.98503 56.27134 67.26494 59.86993 59.72866 61.9128 60.11525 69.84463 43.74196 39.27159 41.35337 42.37534 42.39337 43.09408 44.2722 45.22524 52.55296 51.57919 51.34095 47.79599 48.47312 40.36327 37.54609 34.62468 34.62468 36.95244 57.81561 57.7729 46.83009 41.95243 57.46241 53.96094 40.92127 40.67513 39.05333 39.00251 42.23586 64.07285 64.82868 64.82868 64.82868 45.41455 34.938 34.938 34.938 32.99973 28.22839 27.49542 27.22234 22.23491 21.42294 21.78468 23.59883 23.56621 25.81677 29.76159 30.53851 30.53851 30.53851 31.35695 35.43652 35.71256
60.34829 56.97253 54.84623 55.83965 55.87608 55.00904 71.38757 78.38201 77.17652 77.17652 74.89889 51.73535 42.89507 105.2939 42.48744 46.68032 47.94178 45.32264 44.32146 44.38844 56.48625 58.91227 58.57229 55.11568 53.42842 53.48653 53.27003 49.20738 38.99128 37.1767 44.51892 48.71726 42.1882 40.40899 41.34582 46.43076 43.90402 44.85088 45.46848 41.97885 46.06281 53.75379 57.07317 69.11447 703.9406 136.5592 36.41655 36.0987 35.78257 29.06674 27.49542 27.49542 26.16428 21.41619 21.41619 21.41619 21.41619 21.73629 26.01466 29.89759 30.53851 30.53851 30.53851 32.75677 32.73271 35.64512
56.67957 51.92617 51.52062 51.58111 51.66053 62.38552 108.3554 95.66029 77.17652 68.77818 51.20259 39.25794 97.40898 863.9674 42.92037 53.18957 53.37036 54.47416 57.70231 52.57574 50.96332 56.88707 56.21701 54.53335 54.29559 53.64211 51.51106 47.33783 42.86654 40.46958 40.40899 40.40899 43.09832 61.12396 49.8405 45.81401 45.83685 45.83685 45.76751 45.34273 45.30022 45.30697 47.76771 54.11578 604.3455 812.5026 163.1309 38.84773 38.84773 37.92858 33.69664 31.62219 29.22753 28.93857 27.78232 26.1871 25.47712 31.7038 37.39168 34.70599 30.53851 30.60888 37.65214 40.89843 39.18431 37.34003
227.4252 844.2166 826.2942 840.942 735.7137 270.3189 112.8166 108.8051 62.34911 37.22757 36.84232 38.59893 41.89738 43.03944 50.46343 53.45539 55.07189 62.4817 65.05647 61.43717 55.25435 583.4388 750.636 55.25435 54.96585 50.86045 49.92527 46.19057 40.45255 43.6959 89.95056 90.41691 100.1918 105.8159 102.8809 90.91335 68.21825 45.80146 45.27824 45.21 45.27927 47.99928 53.1591 53.1591 51.95837 45.03696 41.077 39.06689 38.84773 39.91538 42.67229 42.68045 38.42117 36.54755 36.54755 39.11969 81.01288 89.86559 41.9298 40.30056 39.91842 42.97459 40.89915 40.89915 40.89915 40.71051
1061.909 1674.868 1774.241 1774.241 1767.307 837.705 101.7325 58.3008 41.07454 39.85071 38.3023 36.84232 44.46815 52.51418 54.17814 54.1903 57.09343 63.44048 64.45964 57.65249 42.93037 42.33251 48.91419 53.67617 51.11879 49.88736 49.88736 49.68232 43.2318 40.7912 44.229 44.21979 64.27935 103.1613 100.773 100.7692 86.55351 60.72258 45.10475 45.10474 45.10475 47.81568 52.11357 52.48444 46.94119 44.2256 44.2256 44.16288 42.75364 41.72255 42.67567 42.6856 38.81149 36.54757 36.54755 37.95398 403.6066 625.8733 68.93282 42.23814 50.33411 48.02755 40.96725 40.89915 40.79889 36.17721
12.65776 758.2568 1013.151 600.2369 729.2467 174.055 55.15533 40.65477 40.65477 40.72183 41.10244 40.59514 46.5003 53.58312 57.81887 54.221 47.79713 44.10432 42.03495 38.39128 37.09953 37.09953 37.09953 39.75829 41.70982 44.79264 45.79676 48.13208 42.5732 40.33512 40.70774 40.7912 43.25641 48.6014 47.08311 47.32389 46.72746 42.90549 42.97469 41.68908 42.36818 42.67783 39.29409 42.21029 42.37461 43.00841 44.02499 44.25901 44.69699 44.48148 44.0025 43.71389 43.71302 42.64043 40.62335 40.26654 100.1019 139.3593 41.9298 41.9298 46.27106 51.02193 49.71223 49.12988 38.17519 31.70581
16.62477 12.65776 12.65776 12.65776 16.2207 53.11806 44.64619 40.65477 40.65477 42.19134 43.61582 43.61582 58.39812 75.06986 75.1967 74.66902 64.50004 44.69167 43.99095 42.99607 41.27906 39.96341 40.34283 39.73359 39.70287 41.26287 41.82951 41.77881 39.33379 38.2895 38.57256 40.95576 45.75769 47.08311 46.55465 42.73905 38.75322 39.81367 40.0052 40.01331 39.66643 39.09978 38.8803 38.8803 38.8803 38.8803 40.22026 44.82358 44.8652 44.8652 43.81282 43.99633 44.35814 44.34071 44.36691 44.57231 44.68702 44.4067 43.58781 45.17126 48.39327 51.02193 50.7149 44.49931 28.88447 29.86751
59.88586 22.4828 13.51813 37.80816 513.3206 178.8248 254.1563 466.8251 47.93307 43.39877 43.61582 43.61582 43.8383 61.45259 71.17325 69.06653 67.35008 48.41957 48.33017 44.26949 44.26176 44.26176 44.26176 42.77554 41.88352 43.60533 44.82736 45.50654 45.06395 39.52026 38.2895 38.2895 39.40756 40.58552 38.17027 33.34144 33.19809 34.61857 37.67878 38.17231 38.07267 38.66314 38.8803 38.8803 38.8803 38.90183 39.13186 39.62608 40.77908 267.8972 770.8734 505.2812 44.34071 44.34071 44.34071 44.35489 44.56743 44.64244 44.61745 44.59002 46.67147 67.15561 95.62027 26.40873 26.34167 26.34167
75.45352 71.59915 61.09423 72.15794 344.1346 160.2396 145.4431 189.1725 89.41261 114.6902 44.23882 47.4259 47.26439 53.12236 53.56861 392.5778 689.978 143.5551 50.93243 44.43101 44.26176 44.26176 44.30123 44.45908 45.46893 48.90451 57.12189 713.3665 807.022 48.40935 43.36829 38.43806 38.48984 38.52432 38.47472 33.79614 33.90717 33.26813 33.30731 35.89397 37.0459 37.41498 43.64794 43.74901 45.46091 48.45776 49.1043 44.52463 39.1507 177.671 1008.839 987.4814 64.77827 40.7586 40.49956 40.94273 40.52283 44.17098 44.21452 44.21452 44.21452 233.0418 508.2173 37.4446 31.37132 31.39837
37.34267 53.92525 66.01537 65.55653 62.61816 59.61862 63.10011 81.91022 91.66243 110.9735 38.40357 33.89586 37.08721 43.62958 53.56796 54.63263 98.78339 52.92109 52.21761 49.84682 44.26176 44.59675 45.14391 44.61912 44.56158 45.6834 47.26476 63.36192 51.34944 48.93346 42.42098 38.52432 38.52432 38.52432 38.52432 37.39784 36.81696 36.96389 36.81639 36.99619 37.0459 50.77832 55.50805 55.50805 55.50805 55.50805 53.00821 42.73417 36.97541 37.60797 37.84359 43.7347 50.40953 51.68047 51.21888 41.83222 39.92677 40.50793 42.41006 44.16415 44.21452 40.68107 54.44266 57.99077 38.33336 38.33336
35.89662 37.44895 40.68245 52.94198 54.69297 55.88067 60.56692 73.8077 81.13408 80.72575 68.3091 32.58855 34.98511 67.12396 53.65611 53.46148 51.27036 50.7454 50.7454 50.68856 47.84479 45.77142 45.83638 45.54694 44.5947 44.56158 45.02131 48.73353 48.91204 48.92097 46.71666 42.32625 38.52432 40.7917 47.60085 52.60967 50.70625 40.08487 326.343 105.7534 37.17973 44.65929 50.07216 51.41378 53.88902 55.50775 45.12125 36.17356 36.17356 36.17356 42.86214 52.84272 52.84451 52.84451 52.80576 46.46991 40.66393 40.38093 41.42706 42.39009 111.7259 151.5282 159.6185 131.4259 78.44365 36.90604
51.62596 58.88056 62.71363 60.02774 55.08323 56.86526 63.44541 64.2318 74.35299 78.31605 252.9668 742.6804 57.44608 69.08217 86.75923 77.86647 53.70394 50.78092 50.7454 50.76395 51.24829 51.42732 45.86467 45.87047 44.7978 44.56158 47.00653 48.89384 48.89384 48.89384 48.90593 56.49426 54.53441 62.96082 63.47172 63.47172 63.47172 45.37012 37.0459 37.25481 43.0191 45.94606 49.11523 49.11523 49.13699 52.15444 49.69142 41.92782 37.20166 38.25893 47.14016 50.55844 51.78897 52.8437 51.2588 43.73902 42.63487 41.51104 41.43551 59.69027 166.3385 171.957 166.5169 54.24201 35.04739 35.04739
78.28105 81.10555 81.11086 77.14787 68.52872 67.09357 65.04227 63.49123 69.45954 76.41085 287.7465 738.869 823.7208 643.9735 264.4967 152.6721 94.04009 74.18491 68.40635 68.45711 75.45734 71.64992 51.03301 46.01745 45.75898 45.50266 46.33521 53.75564 58.34412 62.63753 63.66602 68.03787 66.94086 63.63241 62.615 62.70504 61.05358 53.87306 40.82054 45.35655 48.54923 49.11523 49.11523 49.24225 50.3859 51.70482 51.71339 51.71339 51.12904 50.45119 43.46909 43.21649 44.02118 49.90802 51.6226 51.5873 49.63408 43.22365 39.77647 70.16342 166.422 162.7731 157.8744 52.34578 36.85391 35.56441
161.8848 59.88601 66.36092 63.56105 67.63378 67.63378 67.63378 68.11225 72.21396 76.14948 76.14948 71.56255 651.4991 1361.413 1417.768 1277.849 214.5806 53.20784 66.85899 73.741 74.03374 59.82802 46.01845 46.01845 46.01845 46.01845 53.13338 72.63329 72.64011 70.30435 68.03787 68.03787 67.9258 65.98107 57.71994 55.89709 55.85064 55.85064 55.85064 52.39119 40.79838 44.64652 46.64318 51.60876 703.4283 243.3603 51.75385 51.71394 49.4724 42.03643 42.01343 43.21649 44.12551 55.55911 70.06573 61.80188 53.17301 39.36063 39.36063 39.3224 39.39189 47.16446 75.91893 42.91042 40.72074 40.83312
309.4529 83.51978 53.52031 53.44987 62.9269 67.73702 71.19736 74.13551 76.14632 76.14948 74.22101 38.60577 656.445 194.9 263.8965 29.58414 32.6676 31.21872 29.58414 29.58414 29.60871 31.84943 36.92374 42.0845 46.50698 63.63832 71.99042 263.0639 470.7031 145.9916 67.1156 65.21636 63.66057 62.46462 60.07977 55.42276 55.36694 55.54564 55.51623 50.77145 40.8299 40.79135 40.79135 49.48232 671.3701 268.7343 51.77914 51.43946 40.18579 35.74358 38.22681 45.2398 53.62405 83.40312 92.6134 92.6134 83.86597 53.95751 39.36063 39.01854 38.64888 38.64888 38.69846 40.59488 40.72074 40.95192
73.00782 55.35508 53.10329 53.12498 55.90472 59.25352 73.35463 74.02414 74.11596 74.84675 58.34782 36.01344 37.36127 41.53386 36.77116 59.36937 38.37157 36.39074 32.52065 31.50694 29.46526 28.28806 28.03199 28.0198 31.10409 45.69624 55.30947 839.3992 1457.685 1148.234 218.4078 59.75708 62.64181 62.28125 62.56097 55.79747 54.76502 54.45208 54.45208 54.31295 46.06774 41.15976 42.98626 46.88 46.91868 48.03463 50.2056 51.36689 47.14497 38.12881 41.79181 86.95177 92.35783 92.6134 92.6134 92.6134 92.6134 88.96738 57.97884 43.92976 39.04484 43.40182 52.63147 44.86868 47.24939 47.95606
73.10723 70.24985 59.70853 56.05906 55.04241 56.86284 73.41496 73.89481 73.67081 73.47077 65.92154 80.50494 81.57648 81.57648 58.17625 243.6714 39.77106 36.72226 34.59275 32.68385 31.74535 32.64077 35.84936 37.00279 33.5346 31.1533 29.38789 889.9102 1457.927 1206.97 907.7425 189.3174 50.79485 52.11662 60.44034 60.6964 60.33851 58.91214 56.72188 56.28177 55.79494 48.66184 45.49529 45.49529 45.49529 45.49529 46.24987 51.26835 51.33051 49.23537 62.63454 83.28738 84.98015 89.5341 91.36234 88.30141 87.7017 87.16272 77.96204 75.50797 72.67448 74.95372 90.27468 69.37646 54.14841 55.24064
53.58278 65.28591 66.4241 57.07914 55.12974 60.76777 73.52125 68.89316 53.10296 50.18946 53.52296 81.22142 81.57648 80.93275 54.6488 44.15187 41.83315 33.60121 32.92687 33.15963 40.5849 43.70758 55.32217 53.32003 43.935 48.01125 47.81408 198.9936 696.8856 332.2913 60.15005 60.05828 55.56697 60.59114 60.75304 60.75304 60.75779 61.01807 61.29697 61.34882 63.43336 64.90115 49.89075 51.00026 51.1573 50.9989 47.31885 51.36306 52.74155 60.27993 87.28535 103.8171 99.57881 83.77058 81.64165 78.6404 77.63295 76.69482 75.61124 76.66053 77.46389 86.19041 120.7493 115.1798 79.1042 56.79218
52.01997 52.48988 52.83408 54.09164 57.02913 62.31705 65.90105 59.51982 52.40538 49.52929 54.46432 62.612 59.43185 59.42839 55.64272 55.3028 55.2355 50.90447 46.02505 42.05738 43.70758 57.70094 410.5346 442.0322 48.72995 46.93841 49.56297 49.56297 52.49031 72.60716 74.00156 74.00156 61.62963 51.19481 54.65275 60.12509 61.2005 61.34981 62.50174 63.84198 67.61433 64.79448 59.44853 59.44853 59.44853 59.44853 59.44853 62.38003 72.20696 71.93831 120.5339 537.2969 703.9213 529.1813 179.8043 78.33939 78.02614 162.0937 405.007 80.47182 84.01043 84.29794 104.0991 127.26 126.0397 115.6044
72.40688 76.78457 68.37444 60.95774 61.34631 62.11496 62.45974 62.45974 62.45974 59.04771 58.33865 57.0626 56.94891 56.70453 55.66188 55.41529 55.41529 55.41402 52.66384 44.23373 43.70758 43.70758 169.1818 439.2597 152.0707 46.98449 47.67926 47.58352 69.06505 74.00156 74.00156 73.24743 57.44676 50.2604 50.2604 52.95798 61.21536 62.99279 65.28452 65.36792 66.14697 61.0345 50.93041 50.34628 51.01273 53.54422 43.69032 33.19296 31.10083 31.10083 37.68342 54.70624 58.83918 229.0093 71.90403 88.35181 111.4854 794.0978 2300.446 352.511 84.34155 84.34155 105.8684 127.26 127.26 233.6295
