data/polds90g.asc
ncols         288
nrows         192
xllcorner     13
yllcorner     48
cellsize      0.0416666666667
NODATA_value  -9999
[rows 58 to 86 of 192, columns 198 to 263 of 288]
21.12406 21.12501 21.57065 21.48199 24.53442 27.60873 27.60873 29.50119 31.86281 36.74526 48.85254 48.85254 48.85254 48.85254 48.85254 48.85254 41.8902 30.38709 30.38709 30.38709 30.38709 36.26706 50.41408 66.52538 67.32 67.06107 65.91517 48.48738 28.30924 21.32631 21.32631 21.32631 21.32631 21.18033 18.82549 16.61577 15.77431 15.77431 16.92328 27.51394 33.48995 33.98088 33.72431 33.71985 33.71985 33.71985 33.71985 33.71985 40.87636 54.59669 50.24558 35.34405 28.75224 27.04228 27.04228 29.7939 38.02826 38.40247 -9999 -9999 -9999 -9999 -9999 -9999 -9999 -9999
22.19023 22.35366 23.09335 23.09335 25.08743 41.61502 41.85859 44.84246 48.85254 48.85254 48.85254 48.85254 48.85254 48.85254 48.85254 48.84924 36.94606 31.39491 30.72932 32.066 31.49511 35.44151 35.16085 39.07293 47.94276 38.24556 38.93968 35.52514 29.65529 22.56737 21.32631 21.32631 21.32631 18.00802 15.77431 15.77431 15.77431 15.77431 16.8183 28.47726 34.01064 34.01064 33.98023 33.59381 33.37473 33.34328 30.98883 28.17403 27.92011 29.1824 27.04228 27.03493 27.04228 27.04228 30.81358 37.64008 38.40247 38.40247 38.40247 -9999 -9999 -9999 -9999 -9999 -9999 -9999
23.09335 23.09335 23.09335 23.09335 23.91626 27.87575 32.36452 38.98194 37.4851 35.49729 30.78101 32.46317 37.34645 44.09056 48.06315 41.37224 32.85415 32.85415 32.78646 32.62699 31.4716 30.70288 30.70288 31.10339 35.16564 35.38408 34.50178 34.49437 29.86919 26.25202 25.4863 24.82978 22.77715 15.77433 15.77431 15.77431 15.77431 21.76208 15.78357 29.82966 34.01064 34.01064 34.01064 33.37006 32.40746 31.85489 25.68961 23.70817 23.70817 24.01338 24.88615 25.88767 40.48386 58.54081 67.455 40.25471 38.40247 38.40247 38.40247 -9999 -9999 -9999 -9999 -9999 -9999 -9999
26.84012 25.53261 24.48543 29.31936 38.26957 38.49778 31.97675 31.97675 30.18354 26.00787 25.5979 25.5979 26.2131 31.93457 32.85415 53.96613 141.165 32.85415 32.85415 33.39352 30.9018 32.05074 35.3869 32.03872 34.81107 29.96535 28.91239 29.033 28.91239 28.91239 28.69633 20.60398 22.23223 32.30903 20.14508 60.46871 94.03407 104.4699 81.91435 58.7491 38.71204 35.99958 36.21104 34.35515 32.40746 32.4072 26.11377 23.70817 23.70817 23.70817 26.12868 76.00889 94.81709 94.81709 94.81709 89.74821 85.11774 60.88061 52.60271 94.76218 -9999 -9999 -9999 -9999 -9999 -9999
46.60675 46.78586 46.97113 47.10734 47.10734 41.91722 31.97675 31.97675 31.9701 28.86568 25.60032 25.5979 25.6635 29.27489 32.85415 188.596 404.3389 162.0859 33.04336 37.52189 41.11963 41.24175 41.24219 40.99016 37.04478 33.51417 31.38504 28.91239 28.91239 28.91239 26.01372 15.84499 15.79585 55.14293 64.43954 89.63633 104.7283 104.7283 104.7283 97.31036 46.35064 38.28012 37.58836 36.56023 34.0701 33.35215 33.21743 29.21532 24.32381 33.86843 67.36468 80.95727 94.81709 94.81709 94.81709 94.81709 89.19088 70.54617 48.02202 24.06074 -9999 -9999 -9999 -9999 -9999 -9999
45.73495 47.10734 47.10734 47.10543 46.1857 42.57354 32.03256 31.97675 31.97675 31.23455 26.33002 25.5979 25.5979 27.6324 32.79586 33.03606 63.22169 36.85873 39.64126 40.99385 41.24017 41.24219 41.24219 41.03334 36.61182 36.17032 35.89252 35.49058 34.22056 30.26209 16.67186 15.79819 15.79819 15.79819 15.79819 27.94264 80.38147 102.7179 74.37416 63.13631 43.33503 42.85971 39.34906 38.76025 36.21084 46.47432 60.60099 60.94667 59.76379 66.03711 87.28675 94.81709 94.81709 94.81709 94.81709 92.84028 53.0188 14.9642 14.9642 14.9642 14.9642 -9999 -9999 -9999 -9999 -9999
46.77977 44.5867 44.33185 44.32379 40.77229 39.93329 32.03072 31.97675 31.97675 30.83099 27.79006 25.51352 24.52728 25.74306 27.12546 36.77003 40.44706 40.44706 40.44706 40.44721 40.89507 44.07227 43.22384 41.10954 40.91979 40.8904 40.8896 40.91979 40.91979 21.6178 15.79819 15.79819 15.79819 15.79819 15.79819 17.1046 47.9026 47.08489 41.646 43.14572 43.73286 43.34132 43.54803 45.6175 54.47839 60.59925 60.94667 60.94667 60.94667 60.94667 63.36687 84.41784 91.91536 34.10774 24.86256 16.13759 15.02138 14.9642 14.9642 15.40869 23.48332 -9999 -9999 -9999 -9999 -9999
37.59793 42.20616 40.74337 40.74337 40.74337 40.73756 38.14663 35.16661 37.20906 33.75445 24.20725 24.20725 24.20725 24.20725 24.3996 34.18032 37.55951 40.45731 44.80357 45.42305 44.29424 51.94531 51.56611 45.02045 41.42839 40.90793 40.52818 39.53046 37.85825 18.01085 15.79819 15.79819 15.79819 15.79819 22.1377 30.18238 40.49669 40.49669 40.49669 40.78152 44.05995 46.15833 46.178 46.69826 64.6589 75.45714 72.17549 69.09698 63.73861 61.40759 60.28405 66.48109 65.90843 28.47554 18.12747 14.9642 14.9642 15.01391 17.90898 20.96962 25.52387 25.65473 -9999 -9999 -9999 -9999
36.56054 40.04364 40.74337 40.74337 40.74337 40.74337 40.31319 39.57799 39.15077 36.96219 25.65356 24.20725 24.42347 29.01846 32.10726 34.38576 34.52253 39.34996 111.7954 192.4187 51.98509 51.98509 51.98509 51.98509 49.15988 36.49923 35.05898 34.62284 27.47392 18.57122 19.10727 17.53806 17.75105 31.16305 34.87387 35.21515 37.64588 38.68383 37.87256 42.02207 47.36468 46.69826 46.69826 46.78239 77.0405 84.9659 84.9659 84.9659 82.04095 71.5875 59.56084 59.29365 59.29365 42.7139 20.40192 14.96548 14.9642 17.70001 25.39762 25.65473 25.65473 25.65473 25.65473 -9999 -9999 -9999
36.40041 36.62318 38.75518 40.73848 40.55462 40.01807 38.52765 38.45761 38.45761 38.45761 30.16675 27.07963 33.49923 36.45597 34.86524 34.38576 37.12844 44.97527 809.8429 2004.777 475.0708 51.98509 51.98509 51.06636 40.89771 34.62284 34.62284 34.27213 33.73894 31.57232 30.15174 30.15174 29.94861 31.89601 34.96014 35.0458 35.0458 35.0458 35.0458 52.89809 61.77455 56.90678 49.20506 139.5273 332.4681 695.8311 822.6464 147.6292 59.72958 59.29365 56.19882 40.29208 22.00824 17.10474 17.18333 17.06351 16.53589 16.31493 19.26321 25.55663 25.65473 25.65473 25.64513 25.62215 -9999 -9999
36.40041 36.40041 36.74076 38.56525 38.45357 38.48867 38.43183 38.45761 38.45761 38.45761 42.53468 38.10522 38.03515 38.03515 37.99732 37.77476 40.34666 44.57514 534.0655 697.3228 335.0761 48.88856 50.39654 51.75921 46.82121 34.58242 33.95479 33.08646 33.04587 32.95142 30.8707 30.16676 30.32206 31.86914 34.63255 35.04565 35.0458 39.56257 51.84622 65.66019 74.66844 74.66844 72.49706 1012.692 2834.826 3042.922 3104.876 2038.057 59.29365 59.29365 53.11304 17.39823 17.29249 18.04252 18.49191 17.29249 17.29249 17.29249 17.29249 19.9336 19.43672 20.36811 18.68675 17.65775 17.29249 -9999
37.54622 37.85385 38.14237 38.14264 38.15877 38.16348 64.1944 751.9996 979.6789 308.9579 58.3452 53.69311 41.22692 35.94674 37.98687 37.99483 37.97586 41.15166 41.99146 37.87653 38.50787 44.56807 45.18052 45.4124 43.21758 35.76192 33.04587 33.04587 33.04587 33.04587 33.04587 32.02483 32.84147 34.46583 34.46584 34.50247 36.37841 60.29782 74.66844 70.41365 63.86464 66.84119 71.19292 238.4902 1443.003 2847.771 2640.694 740.751 48.09062 48.13196 37.84476 32.30984 23.26047 23.16573 22.61257 18.10121 17.29249 17.29249 17.29249 17.29249 17.29249 17.29249 17.29249 17.29249 -9999 -9999
39.97273 36.39548 37.44374 38.14264 38.14264 38.14264 76.95321 911.3195 1252.584 134.7441 53.00588 41.27361 34.44696 34.22057 35.33641 36.09467 36.88369 37.97586 37.97586 33.64533 36.74408 37.57087 42.2796 34.49955 32.36326 34.58982 34.87228 34.43115 33.33224 33.01227 32.89866 33.68152 34.46583 34.56152 40.41262 41.93118 48.03223 53.8268 108.1027 163.9732 93.71938 34.78107 36.64196 35.70361 59.92691 63.37852 62.65124 35.72202 32.53311 32.53311 32.53311 32.53311 32.53311 28.51287 22.96008 22.47697 22.12208 19.86275 17.29249 17.29249 17.29249 17.34669 19.09475 22.167 -9999 -9999
32.3181 32.3181 32.37709 32.74007 36.544 38.14264 50.91101 58.38448 58.38448 49.49889 35.19519 34.22057 34.22057 34.22057 34.22458 36.81505 37.82196 37.97586 37.62828 31.82038 29.82129 29.82129 29.82129 29.82129 92.47986 35.08904 36.5163 36.19416 33.89514 32.65023 32.64538 33.049 34.40557 41.82029 48.29999 48.29999 95.36828 179.0031 194.3757 194.3757 145.926 36.88456 34.42918 37.372 50.73627 62.76558 62.3519 34.32533 32.53311 32.53311 32.53311 32.53311 31.662 23.61319 22.95153 22.95153 22.95153 22.70204 20.93545 20.89374 18.32696 20.31333 22.95153 22.95153 22.95153 -9999
32.3181 31.59022 29.24993 26.57227 26.10189 32.73765 46.60951 50.6356 48.26415 34.4439 34.24176 34.24583 34.24684 34.24518 34.25287 34.88648 36.21929 39.21318 35.48566 29.98946 29.82129 29.82129 42.00972 1013.599 566.3535 30.82003 34.79201 32.99604 32.07689 32.33336 32.48341 32.43826 35.58828 41.73533 43.85923 48.29999 97.08521 185.9385 190.0745 185.932 85.95298 32.98704 33.71223 39.72595 61.99696 62.76558 60.51232 35.81861 32.53311 32.53311 32.44215 31.14607 29.92131 24.7957 22.97573 22.97318 22.96278 22.95326 22.95153 22.95153 22.90236 22.95153 22.95153 22.95153 22.95153 -9999
28.22379 35.76747 46.55878 31.64502 39.72332 41.43641 42.90142 42.90142 42.73409 36.08442 34.25507 34.25507 34.25507 34.27672 38.46115 41.37123 40.82436 41.34741 38.00862 34.53172 32.97191 35.67649 31.55733 83.19359 181.2464 29.82129 30.73894 31.318 31.318 158.013 392.0028 43.00807 34.84926 36.61404 45.3156 44.83347 40.64074 36.38107 76.45271 119.0836 30.67829 30.20858 31.1615 30.63967 51.17874 62.76558 61.03273 46.34963 32.53311 32.53311 32.27224 23.33061 23.02072 23.01616 23.01616 23.01404 23.00946 22.34195 19.64302 18.19066 19.03046 22.34321 22.95153 22.95153 22.95153 -9999
28.70231 55.76812 57.31873 57.72873 52.66101 43.38578 42.90142 42.90142 43.6699 45.05341 43.76597 41.59536 41.30618 46.05828 43.85146 41.3066 41.45841 41.37329 38.37758 36.28865 36.28865 36.28865 35.42728 31.3542 31.43527 34.64495 44.95273 36.02033 35.68385 128.5305 150.8019 38.11175 52.01394 41.47837 39.22152 38.22244 36.44525 36.38107 36.10797 35.83006 31.58169 28.86542 29.10896 29.16946 29.41779 29.65129 33.06384 35.05801 25.93291 28.22566 28.4004 24.39551 23.40038 23.01616 23.01616 23.01616 21.40963 19.54195 15.5858 15.5858 15.5858 15.94901 16.7535 17.91431 15.5858 -9999
28.6711 29.95222 29.75477 44.63336 49.70428 42.90142 42.90142 42.90142 43.55717 46.0117 46.0102 46.0102 46.66628 48.04839 50.14384 47.29716 46.93574 46.40462 46.66863 37.56433 37.85664 37.60966 38.24678 39.81123 42.85395 52.79088 56.1558 54.30011 56.1026 56.31138 56.31138 56.31138 55.86065 40.97981 39.22152 39.22152 37.87985 33.11307 30.90124 29.03157 28.79835 28.79835 28.79835 28.79835 25.49374 23.16993 23.16993 23.16993 23.16993 23.23049 25.18999 26.00763 25.14179 23.8719 23.3646 22.12221 19.11927 15.5858 15.5858 15.5858 15.5858 15.5858 15.5858 15.5858 15.5858 -9999
34.04314 28.11974 28.11894 28.11894 30.89063 39.41949 45.13888 45.54842 47.40794 47.80317 46.31961 46.27704 47.7939 48.04839 515.6981 701.6934 73.24627 48.04839 48.04839 42.92555 40.15169 40.06311 39.85929 39.83432 51.31462 56.1558 56.1558 55.2211 55.99455 52.38108 48.42075 55.7135 56.25621 53.0709 44.41852 38.71768 38.17696 46.02868 35.30883 33.59568 28.89205 28.79835 27.65092 26.3131 23.4647 29.75147 100.969 67.61418 23.16993 23.16993 24.64574 26.69875 26.51665 26.69875 21.5736 17.26869 16.79466 15.60702 15.5858 15.5858 15.5858 15.5858 15.5858 15.5858 15.5858 -9999
33.28018 35.02371 40.48013 40.29184 38.05046 48.04342 48.96856 48.96856 48.96856 48.96856 48.83646 47.72665 47.62229 47.38782 125.7333 269.7045 180.5675 73.45603 72.28574 47.30857 45.3777 45.92934 47.37013 50.61018 52.54744 49.20389 47.04299 39.66472 39.25123 43.25689 43.279 44.35244 43.91433 44.44747 43.86891 36.4593 39.81162 106.0991 93.45112 57.42642 32.87831 26.16696 23.1857 23.16993 23.16993 195.3195 1020.718 325.8631 23.16993 23.31181 23.58993 26.58874 26.67018 24.90097 17.64712 228.1488 102.9324 16.78584 16.80375 16.27811 16.14876 16.11758 16.12787 15.88522 15.72506 -9999
35.72729 35.76621 40.34725 41.85683 41.96661 47.70992 49.0057 49.10387 49.19693 49.14738 48.30069 39.42168 28.94885 29.3323 27.82864 29.50557 46.37288 95.64111 97.88987 78.16219 57.73491 47.67653 46.84887 51.48698 45.00276 41.54617 38.63153 38.43149 40.48533 44.00853 43.39302 44.18844 45.22923 28.84947 25.53024 25.16206 28.56771 54.72415 54.51403 45.56959 37.92089 36.2422 23.87073 23.3289 23.16993 90.5751 344.1002 118.4694 24.81391 26.15469 27.24359 26.83955 20.43553 17.23824 188.8377 925.1358 490.3759 17.22788 17.22788 16.52592 16.34802 16.34802 16.34802 16.34802 16.34802 -9999
37.41253 39.35552 41.80328 41.85683 41.85683 43.39013 49.83537 50.02052 50.02989 49.99046 47.92413 30.63232 28.51326 32.81559 41.78247 42.38625 66.6641 96.93823 98.36781 79.77715 61.4708 37.84424 34.27325 35.45392 38.86073 40.64132 40.23045 38.45484 43.28474 49.54534 48.66677 49.76391 49.76391 48.67929 41.27448 27.87575 32.82249 37.92089 37.92089 37.79604 34.17418 30.22812 26.4904 26.45117 24.82988 23.18296 23.38932 26.97374 27.29193 27.29193 27.29193 24.06075 17.39611 17.39348 45.4066 43.44162 17.22788 17.22788 17.22788 16.53253 16.34802 16.34802 16.34802 16.34802 16.34802 -9999
43.93311 43.68695 70.79173 117.5717 137.7702 120.2798 50.02989 50.02989 50.02989 50.02989 56.25211 50.67617 48.76308 48.75851 48.75851 49.99142 70.10418 71.7663 97.52311 46.03568 37.53855 34.12737 30.41994 30.20246 30.20246 33.46856 40.99012 40.82126 42.33126 49.26376 49.69456 49.76391 49.76391 49.76391 44.35477 26.12731 26.28131 29.28448 32.29994 30.1775 27.5339 26.50555 26.50555 26.50555 26.50267 26.34168 26.64785 27.29193 27.21562 26.61018 26.4726 19.13391 17.39701 17.39701 17.38162 17.2315 17.23227 17.22788 17.22788 16.53355 16.34802 16.34802 16.34802 -9999 -9999 -9999
49.39645 51.01307 126.1906 209.2638 209.2638 194.9936 124.8117 143.6315 99.13642 77.44831 88.53616 82.05475 60.02435 56.03759 45.86472 45.96132 47.21875 43.65855 42.18385 37.90304 37.90304 37.90304 34.36623 33.34497 39.76793 39.89358 42.29687 42.19536 46.96732 40.37588 37.57416 39.76722 42.02086 32.02054 26.70926 26.11385 26.11385 26.11385 27.12867 28.77318 27.44722 26.77001 26.50555 26.43815 26.20088 26.50555 26.74275 26.88679 26.6184 25.8555 24.56444 19.38832 20.37051 19.51345 17.425 17.39701 17.38634 17.22788 17.22788 16.50518 16.34802 -9999 -9999 -9999 -9999 -9999
51.01307 51.01307 109.8253 192.7857 209.2638 209.2638 209.2294 180.9011 106.5368 91.20416 91.20416 91.20416 91.20416 58.04659 41.36075 41.36075 41.36222 41.26524 40.13335 38.36465 37.90304 37.90304 38.07196 40.95209 42.47931 42.3429 42.32621 42.00321 39.41129 34.75503 32.41354 32.41323 32.41323 29.92039 26.63272 26.11385 26.11385 26.6333 27.44036 28.79843 28.91121 28.81229 21.71591 18.69337 17.55517 19.4865 23.70236 25.87876 26.54204 26.19638 26.36847 30.68744 31.97321 31.44871 18.03891 17.39701 -9999 -9999 -9999 -9999 -9999 -9999 -9999 -9999 -9999 -9999
56.25462 78.36713 92.29346 93.88236 113.52 110.2369 79.28828 67.71727 70.43476 84.51215 85.27731 90.91458 91.20416 82.17192 47.24796 41.36075 41.36075 41.15715 40.70702 40.25751 38.67244 38.44594 39.60369 41.68141 45.23219 45.20264 44.63796 41.57235 37.78006 37.78006 35.90478 35.79504 35.15758 36.0516 35.10008 27.84466 30.0964 32.16118 31.80864 30.22428 29.61882 30.41436 22.96754 17.60822 17.48712 17.48712 17.51076 18.0314 24.86326 40.82549 43.58588 43.8557 43.8557 43.8557 -9999 -9999 -9999 -9999 -9999 -9999 -9999 -9999 -9999 -9999 -9999 -9999
57.88755 58.35618 59.15196 73.20888 94.86075 106.3876 89.12525 67.57152 67.57152 66.30687 65.67203 64.3084 57.94077 71.77114 50.29724 43.94763 46.48993 44.92789 40.97629 40.69525 40.69792 43.17979 45.60734 45.5812 45.34611 45.33593 42.08587 39.3119 37.78006 37.78006 37.82125 37.85946 37.86315 37.86315 37.86315 35.89214 33.04641 33.04675 41.68263 43.12279 33.04675 31.09937 27.56721 27.06568 24.25539 24.22898 24.61249 22.03435 33.5857 42.54202 43.8557 43.8557 -9999 -9999 -9999 -9999 -9999 -9999 -9999 -9999 -9999 -9999 -9999 -9999 -9999 -9999
95.66304 89.4105 81.36982 137.7494 169.2719 169.2719 124.8103 68.92439 45.32436 35.92939 37.23207 42.36611 41.36595 41.36595 41.36595 41.3665 46.03086 102.3967 186.0865 128.5831 47.11836 44.26037 45.90394 157.1853 53.65754 43.97952 39.83062 39.01282 38.21725 38.1407 38.32948 37.95134 37.86315 37.86315 37.86315 37.08004 33.19085 83.51221 364.3458 245.7059 54.64542 29.60599 27.36572 27.56705 27.56705 27.56705 27.56705 27.56705 31.87859 39.71652 43.8557 -9999 -9999 -9999 -9999 -9999 -9999 -9999 -9999 -9999 -9999 -9999 -9999 -9999 -9999 -9999
255.8097 113.8366 90.87544 122.3316 162.8551 165.5742 137.442 40.14527 35.79562 36.90234 38.99352 42.91306 41.36595 41.36595 41.36595 43.65559 49.06502 62.7248 335.9089 229.6244 54.29763 45.90394 45.90394 671.7026 639.7653 44.56145 40.77579 40.69279 40.68757 40.69279 40.30424 37.76535 36.99896 37.20684 37.154 37.62358 34.23779 67.71085 298.774 163.8792 30.04307 17.68854 16.83662 20.21504 21.56294 23.19616 22.12973 23.47251 25.87691 27.56705 -9999 -9999 -9999 -9999 -9999 -9999 -9999 -9999 -9999 -9999 -9999 -9999 -9999 -9999 -9999 -9999
