data/polds90ag.asc
ncols         288
nrows         192
xllcorner     13
yllcorner     48
cellsize      0.0416666666667
NODATA_value  -9999
[rows 116 to 144 of 192, columns 198 to 263 of 288]
64.14824 63.49982 54.14392 53.849 53.65347 51.89051 57.39455 94.10764 98.63065 97.45483 55.86243 50.97683 50.97683 49.10662 47.74705 60.14977 97.47092 97.58836 97.58836 116.8902 110.0338 77.3106 89.64739 97.86731 99.17558 98.16273 97.06879 95.16436 93.62704 818.6913 1229.384 391.2988 76.37824 73.18546 68.47741 66.8885 66.8885 66.8885 66.8885 74.27714 111.3615 116.1361 116.0153 67.3777 54.56388 55.42164 57.05632 96.71037 112.0737 72.95294 65.3712 57.34146 1093.063 1554.366 1218.351 222.2471 43.10221 41.91854 41.66962 39.88419 39.87936 39.87936 39.87936 -9999 -9999 -9999
64.15326 60.66137 54.07589 53.47599 53.34946 52.0447 53.77876 76.21674 95.43621 88.80824 51.81055 50.97683 50.97683 48.66009 49.60406 79.95352 96.79939 97.58836 97.58836 95.16054 72.35775 65.76238 65.76238 73.78616 78.81201 72.31955 95.16397 95.1502 84.4987 71.4416 69.42572 61.09946 57.85246 57.85246 59.65731 64.51108 66.08368 65.06308 66.73775 68.34616 79.72753 89.01988 107.9492 72.88734 55.69839 57.70344 70.94698 187.6038 138.5081 75.14824 71.76871 55.29447 178.1024 603.3649 469.9739 45.45026 45.45026 45.0893 42.34903 38.51828 37.56653 39.83766 37.6546 -9999 -9999 -9999
66.86536 66.87765 64.02402 52.94769 51.39727 51.39681 47.57468 47.85189 51.2207 54.47301 47.33678 50.35923 48.96251 46.60216 52.74117 85.96503 86.49062 85.74902 89.55695 83.32642 67.8166 67.29801 65.53001 63.54245 62.76409 63.87233 89.28996 86.51154 71.4416 74.66438 86.60898 69.71031 58.93541 57.8396 56.67522 51.56 44.99951 46.29989 49.24905 70.95987 76.3476 69.90635 54.43142 46.60822 47.82116 52.03746 56.11624 64.46208 70.31113 71.26369 63.49125 53.73776 53.90099 49.41653 47.50661 44.0103 40.57609 30.52011 29.83188 27.08897 28.23131 35.20216 34.86107 34.83184 34.83184 -9999
67.05189 81.58246 87.24715 89.49236 84.65974 46.23725 40.39362 40.0726 40.0726 40.04447 39.86688 39.93146 40.05448 45.97075 51.73562 51.73562 51.73562 51.73562 61.96587 75.62564 75.62564 75.62564 74.09947 72.79642 65.42789 65.16375 65.76181 70.70129 71.4416 80.62264 87.105 87.105 84.14735 51.34043 44.07404 43.3813 43.41215 45.4817 46.55905 52.28054 59.84142 47.72834 47.29129 55.31893 73.94849 239.387 178.2371 64.4211 56.08326 51.37001 50.84768 50.84768 48.04285 38.43831 38.43831 34.452 28.53986 27.07312 27.07312 27.08351 31.27263 34.59047 34.47421 34.83184 35.94728 -9999
85.61483 90.19923 552.0492 679.9459 422.1539 101.6592 70.38781 54.58053 46.20559 39.98448 39.83297 39.82848 39.82848 45.85367 58.06541 55.44495 52.91862 58.27243 61.22224 68.77045 67.08208 353.1276 539.9523 83.91571 66.08035 65.36576 68.49437 78.21676 77.98222 84.3188 87.105 87.105 75.79066 45.4862 46.31242 44.0605 43.8019 47.7009 48.26768 47.86649 50.46115 50.21333 53.54207 63.3343 175.137 412.5769 464.6635 165.2919 52.3237 49.53661 49.11707 45.24135 38.49956 38.77969 38.91581 37.63818 35.52528 35.54638 35.48977 33.58143 33.61292 33.66414 33.74782 40.12605 45.99752 50.50187
89.70639 101.4806 1200.741 1681.557 1357.101 288.2894 71.8085 68.07014 62.7922 67.00752 53.60124 53.44204 53.64565 58.38672 64.10409 63.9186 63.4235 53.81695 59.04539 62.07034 62.37555 206.5987 509.786 971.0046 427.2809 67.39495 77.81364 79.27982 78.01077 58.42687 79.22859 80.99915 62.00719 52.01579 52.07357 51.79475 47.89814 51.87728 51.87233 51.71885 50.88737 50.72422 50.75019 58.79152 69.02908 74.47261 100.2742 67.55794 46.68371 45.33289 45.33289 45.33115 43.53648 44.52507 44.58625 43.5539 44.8307 46.83363 46.78149 38.26403 37.06309 40.20029 40.85488 46.82142 50.14436 50.50187
86.40787 109.2946 140.999 174.2397 97.50079 70.93277 68.07014 67.03122 68.42381 69.55296 70.03645 70.03645 69.97573 69.39222 64.12041 64.10409 55.76793 49.65657 49.65657 49.74374 63.08625 65.93152 72.58579 132.1717 99.11047 69.05293 80.56824 80.47674 71.67651 56.86382 51.14616 48.2355 48.0849 51.01463 52.07357 51.88852 51.8949 51.85119 51.87233 49.94359 47.86775 47.38419 55.85962 71.48721 73.98615 73.80854 73.98615 72.91592 57.11082 43.98546 44.36848 44.31585 44.78817 44.16195 43.96957 44.46466 47.28882 48.76545 48.76545 48.76545 48.71063 46.78031 46.59524 46.59524 48.94133 50.29495
62.91978 65.00957 60.85404 60.74741 74.4231 73.75041 67.05383 61.72744 58.4305 63.57123 69.99406 69.11899 66.89792 66.39581 64.68187 64.10409 54.3103 49.65657 49.65657 50.56783 64.10685 65.35787 65.4133 64.80943 71.96632 80.5452 85.27191 76.86948 52.27456 52.25398 54.56519 50.03329 49.87088 50.92173 51.21096 50.53839 50.51813 51.44264 51.87233 49.0197 46.91159 46.92875 55.78251 66.54534 70.9118 66.7556 62.95489 67.72519 54.42424 43.16417 43.16417 43.16417 43.15801 42.96719 42.8735 42.9748 44.46708 50.16254 54.01176 54.37014 59.39832 53.1403 172.2118 86.22354 46.59524 48.48097
60.02067 64.7461 88.89577 104.112 115.2284 113.8362 70.98463 58.4305 58.86517 66.87935 70.01001 67.70493 73.19982 66.63326 65.13671 64.06861 54.54953 49.65657 48.59321 49.35146 55.63485 61.01661 57.88755 52.44171 62.15641 74.07577 76.50595 58.25271 51.43899 64.81487 67.72661 57.51516 51.4766 50.65337 50.51796 50.51796 50.51796 50.60528 51.05147 55.05909 55.41075 58.22885 60.88829 60.88829 60.86692 60.44337 60.31221 60.31221 60.14091 47.27438 44.31833 45.48548 45.52999 43.20635 43.05349 42.8735 42.8735 52.61212 62.1932 62.20171 62.22611 54.23272 368.1561 507.6723 159.3231 46.59524
63.89735 71.50783 109.9141 114.823 108.9988 107.8749 82.41235 64.57461 59.79931 61.02014 63.96865 99.40369 110.9418 110.6291 70.6069 58.99495 55.23142 49.20184 43.97778 43.91618 43.91618 44.75833 49.37907 51.68334 50.16222 49.62282 50.43654 52.83336 62.32652 68.49242 68.40855 55.81459 51.57391 52.32707 55.20576 59.70129 59.39278 60.88348 65.8911 65.27571 65.16206 64.35004 63.28325 62.73023 67.29176 78.5862 81.70954 85.99995 81.60931 65.68733 57.73585 58.16086 54.6812 45.3299 44.65281 44.11143 44.50984 47.1689 62.30432 62.31227 62.35661 60.56376 55.47821 301.8535 115.4772 46.59524
72.51375 75.9324 82.58389 77.89294 78.85956 78.58368 79.13646 87.44023 80.5872 73.6829 65.49979 225.8159 142.4444 116.5214 128.3494 56.71317 56.71317 56.44556 45.57507 43.91618 43.91618 43.91618 48.14649 51.43167 49.62378 49.62282 70.71436 87.65924 78.77939 69.79857 51.47784 36.84774 46.10645 62.48133 70.05583 70.05583 67.50629 66.45659 67.42134 70.72006 80.18542 75.9496 78.60808 102.7931 98.68714 90.46957 149.6155 1337.51 1972.269 522.8918 58.63521 58.36478 58.36478 47.18559 44.77605 44.77605 44.91121 50.01127 62.13483 62.35692 62.35692 62.14547 53.9583 46.05405 46.38578 46.59524
69.0784 69.04851 78.27135 86.38551 89.45469 90.77217 86.51683 98.63097 100.2989 99.89736 131.6118 630.5187 704.6588 178.5253 191.9294 93.72549 63.45013 56.15863 45.52909 43.91618 43.91618 45.63403 51.2341 50.33402 49.82571 69.79671 91.53909 91.59102 68.67823 53.81234 36.33168 36.33168 36.50436 53.30414 65.69302 65.33887 64.00399 66.37145 67.44859 94.10676 104.8623 104.7753 105.2113 104.8022 101.2912 90.46957 90.46957 520.0851 667.2071 90.93322 72.41892 69.142 57.31976 49.63802 46.047 46.19624 47.60387 59.20884 57.94093 61.22536 62.35692 62.35692 44.77987 36.46429 39.7894 38.07515
67.77383 67.12125 69.82178 83.52464 91.77654 92.89836 100.1062 109.7989 109.9308 110.7563 112.884 525.1926 558.0505 203.8617 176.9238 114.6352 115.5352 104.591 81.79269 60.20846 52.94859 56.86398 57.59426 61.67701 87.91064 92.24094 92.24094 85.69445 50.34139 38.93557 36.33168 36.33168 36.33168 40.8137 59.81193 63.53968 62.49108 65.06815 56.57819 51.16421 54.38194 54.59019 61.10197 52.51116 78.68167 75.49804 77.79309 89.95747 80.62795 72.71872 72.73354 72.14321 53.82908 47.71686 47.71686 47.71686 51.90305 54.15577 54.15598 56.59443 43.10906 38.20987 36.5018 36.36641 36.36641 36.0537
121.4884 117.1235 98.34916 94.70931 89.96048 95.78957 102.452 104.7692 104.793 113.9211 479.5381 588.3656 445.8818 145.4485 73.34455 59.88595 121.1733 214.626 619.4752 516.3115 63.47385 57.63748 57.66868 58.24913 61.88132 65.03319 70.87675 84.15434 88.72406 84.42317 52.71927 37.75798 39.31895 44.85727 53.28903 58.99934 49.04159 45.71587 30.05992 35.28828 45.14838 48.58874 48.58874 48.58874 50.89913 51.97302 52.11552 56.2615 52.15504 59.97971 61.93682 56.81069 49.60405 50.57183 55.79775 51.27806 53.14024 54.15577 54.15603 54.18597 41.59881 37.97715 36.36641 36.36641 36.18086 35.02108
115.6953 106.0501 108.745 81.80373 71.81691 86.75571 90.08504 91.86656 101.6958 358.224 588.1682 427.1019 62.94091 49.4984 49.4984 49.4984 129.3152 605.7349 874.3085 874.3085 260.9005 69.07876 58.27286 69.20052 63.30247 59.7396 59.66452 57.80044 40.71581 38.73795 41.62644 43.99059 43.99059 43.99059 346.9451 501.6498 43.99059 32.72126 28.72099 28.72099 31.00127 47.36814 48.81574 53.53704 53.32005 54.68012 55.14806 55.59794 56.55241 53.80893 53.05292 53.50053 54.62012 57.54235 66.3001 70.44884 67.43072 57.59867 54.85361 54.91542 54.72416 45.38728 40.6423 40.1888 42.9655 36.13591
48.39249 48.14729 57.48653 67.37635 67.37635 71.20795 88.83549 93.61662 210.8368 294.2672 167.4686 103.4163 56.8768 69.9287 49.54724 49.4984 49.30489 283.4766 677.6237 539.1585 160.6445 144.4034 144.1347 137.3764 78.07641 71.72887 71.75971 56.41593 38.08296 38.08296 40.05169 43.44334 43.99059 43.99059 558.9254 602.1058 43.96168 36.22807 29.84226 28.72099 29.91615 45.22429 58.39339 61.06723 61.43494 59.54123 56.8844 56.5605 56.79446 53.39427 49.52611 48.73046 48.82691 58.60617 70.59697 70.21606 65.65159 57.20025 54.95707 54.95707 53.78102 45.027 44.13714 44.13714 41.34038 36.05127
84.46687 75.75984 67.25155 67.37635 68.64439 76.12547 93.24995 97.71774 97.71774 108.8455 129.3495 133.2005 132.9466 127.1598 92.69308 43.2368 38.03444 37.39721 37.39721 54.80879 151.4198 151.5886 135.5432 126.4848 84.23597 71.78784 71.27917 51.24317 38.68315 38.48246 38.27083 40.42348 42.83379 43.04348 45.4418 46.12001 45.10085 48.81198 55.58095 52.33014 52.66308 60.69855 62.53646 62.53646 60.62407 51.94969 46.55611 44.77392 55.27102 60.63981 60.49453 85.76405 359.9103 59.05491 61.02818 54.35476 43.87249 44.68513 53.60007 50.25971 44.32787 41.69756 42.24861 39.11806 33.98727 33.98263
165.1205 158.3729 117.6363 83.8273 75.84717 72.89728 74.40446 90.74718 97.71774 93.48991 103.6715 133.2005 126.7833 63.48901 53.50346 37.39721 37.39721 37.39721 37.39721 91.97867 150.835 151.5869 138.3363 127.6488 107.934 77.39773 62.29851 39.14619 41.28369 52.30583 49.98735 45.08818 40.7266 40.7319 45.92481 47.44995 47.44995 47.44995 47.9851 45.5368 40.80949 38.08192 48.08566 54.48118 46.97116 43.27764 43.27764 43.27764 44.78148 48.76493 59.25655 412.2028 795.9681 60.84828 55.62625 40.52921 38.89642 38.89642 39.60677 40.11277 40.11277 40.11277 40.11277 40.05274 37.55359 35.87776
136.0851 107.5303 102.0288 84.46181 80.76241 78.45078 76.47282 82.10947 86.01432 67.4218 60.15609 83.22454 101.413 62.38982 59.91413 48.46661 46.3215 38.9327 46.88624 72.32183 92.61088 85.51469 88.56106 102.9739 125.5411 101.9988 79.9503 56.69137 50.2599 52.69014 52.69014 52.65055 44.88512 40.7266 41.20711 49.76576 47.84551 47.31508 33.46966 30.82834 30.82834 31.00496 30.82857 32.36195 39.23494 43.23487 42.91291 43.17984 43.26925 43.03364 49.80412 90.39533 80.67625 64.25227 41.14933 37.687 37.88438 37.99293 37.64461 39.24407 40.11277 40.11277 40.11277 40.11277 40.11277 37.60512
87.49653 83.6479 93.50407 98.19315 87.29077 81.43295 83.68369 79.31866 71.79853 54.91773 57.32579 59.89658 57.87595 58.48207 57.20864 52.95866 52.4844 54.86076 67.61191 73.93703 83.99984 80.20177 80.19186 111.8328 136.7024 146.4377 141.6254 82.20647 61.16992 45.85664 47.66083 45.53233 45.47209 42.29075 53.78078 67.17506 58.48383 56.44578 51.81775 36.31033 34.43596 35.99091 34.18032 35.93784 36.34543 39.99281 42.35591 42.40891 42.45544 42.35591 42.36488 57.32644 67.12568 57.18924 37.13879 37.13879 37.13879 37.13879 37.13879 -9999 -9999 -9999 -9999 -9999 -9999 -9999
74.35709 76.79955 81.99187 213.5986 1015.352 1097.599 109.8692 79.95007 52.68656 53.00892 53.36168 53.38349 53.36168 53.20477 52.5337 52.80718 66.42995 70.49027 80.11667 81.84618 89.50724 91.7142 102.2658 149.7039 150.4856 150.4097 149.2648 121.3404 67.34563 39.99686 39.99686 39.99686 46.39875 57.24578 61.28225 60.743 57.4723 57.88194 59.74755 37.43425 37.53823 37.53724 37.78585 35.59264 33.95518 36.56941 39.87657 41.98412 42.35591 42.35591 42.35591 40.01232 33.96843 35.41508 36.49629 37.13879 37.13879 37.13879 37.13879 -9999 -9999 -9999 -9999 -9999 -9999 -9999
69.52116 71.90657 78.01165 238.6977 836.9455 1222.354 131.0131 56.043 49.26204 49.81989 68.96583 86.48615 107.5266 90.88204 64.85662 54.04465 71.23161 71.23161 71.23161 77.93684 112.3162 118.5596 119.3513 135.0055 121.5339 98.3392 138.8846 501.274 432.5636 77.28809 57.9038 48.73385 34.32145 29.37715 28.74317 28.74317 28.74317 28.94642 30.45637 30.56224 30.56224 30.56243 32.28308 33.87899 33.87899 33.87899 33.87899 34.20849 37.04988 29.78584 30.2555 27.83179 24.83337 24.83491 31.85601 36.96064 37.13879 -9999 -9999 -9999 -9999 -9999 -9999 -9999 -9999 -9999
75.22559 79.21188 80.44159 87.6994 85.85184 260.8241 142.8565 73.62023 50.88159 49.26204 75.1086 122.7242 131.8413 131.8413 130.7093 117.0687 101.9685 98.33273 88.65845 112.9889 120.0445 120.0445 118.5485 111.9791 96.75774 90.5073 91.34862 107.0088 144.1983 90.5073 90.5073 78.34856 55.20192 41.1291 37.98416 33.87443 29.91733 29.9151 31.75851 32.18742 30.56224 30.9293 32.92478 33.87899 33.87899 33.93063 33.88906 33.87899 28.94309 24.90268 24.83337 24.83337 24.83337 24.83337 24.83337 24.83337 -9999 -9999 -9999 -9999 -9999 -9999 -9999 -9999 -9999 -9999
79.21188 79.21188 79.13598 78.56685 78.37437 78.78773 78.21567 77.52232 68.94341 56.53501 67.0676 128.4558 132.2076 131.8917 129.4591 119.4192 106.8978 102.4995 106.1434 130.5765 123.4976 123.3922 115.9817 112.8518 111.6771 106.1981 97.17268 102.5916 104.5684 100.7191 92.6389 89.23694 53.86882 52.39159 52.39159 50.85098 44.40621 41.53334 37.68619 36.84864 43.29259 44.44854 44.53545 41.99776 216.1095 116.0771 42.23017 41.92 41.7753 26.87947 24.83337 24.83337 24.83337 24.83337 -9999 -9999 -9999 -9999 -9999 -9999 -9999 -9999 -9999 -9999 -9999 -9999
80.15941 90.27477 99.82529 107.881 107.3844 139.4931 134.0953 83.08917 70.36095 70.36095 102.6241 136.1736 136.4255 132.7173 126.6671 108.3535 102.4995 102.9276 124.4049 164.2229 164.3912 128.9996 123.5697 116.0318 112.4183 111.8544 116.7199 114.6204 106.7409 105.5341 105.8307 107.0987 75.41651 51.4558 49.98912 47.65428 43.96336 42.43237 42.43237 40.7155 44.48005 44.90236 44.89541 53.36196 322.8359 311.3343 43.10685 43.10685 43.10685 40.69644 31.07113 24.83337 -9999 -9999 -9999 -9999 -9999 -9999 -9999 -9999 -9999 -9999 -9999 -9999 -9999 -9999
81.30672 93.00002 108.6333 108.6333 126.2244 145.3304 152.6241 92.54691 86.7638 111.7731 136.4547 136.4551 136.0045 132.3323 131.2953 130.9715 116.2634 124.1003 185.709 187.7204 187.7204 173.3611 221.1915 321.3952 169.9869 135.5952 139.6766 135.8877 139.7845 140.0998 140.2557 114.14 102.746 121.1902 48.78791 42.43237 42.43237 42.43237 42.43237 42.61103 44.2942 44.90236 44.73597 39.516 38.19695 49.65993 43.06999 43.10685 43.10685 43.10685 -9999 -9999 -9999 -9999 -9999 -9999 -9999 -9999 -9999 -9999 -9999 -9999 -9999 -9999 -9999 -9999
81.30673 84.75827 100.6281 765.1927 1079.983 154.5188 174.2129 171.1763 177.2899 174.0458 139.9342 123.2616 123.9248 132.2688 131.759 131.2953 255.5541 1920.48 2123.081 401.02 204.6863 174.6328 258.3125 724.0428 249.8953 167.6832 166.7999 152.8759 150.9507 467.7211 510.8037 153.0651 123.4752 530.7545 575.6862 44.1676 71.95109 81.05303 47.96083 45.50845 48.40474 48.27301 39.73837 30.03493 26.71524 26.71524 30.40581 33.93392 43.10663 -9999 -9999 -9999 -9999 -9999 -9999 -9999 -9999 -9999 -9999 -9999 -9999 -9999 -9999 -9999 -9999 -9999
93.18073 90.13824 180.4955 737.9954 1030.865 204.4248 167.225 177.3931 177.2919 166.1627 136.6299 111.7765 107.0409 146.054 177.1107 179.9266 356.6437 2675.715 2970.993 878.0953 189.8867 176.4878 178.1484 180.5349 135.1638 97.09999 118.307 129.058 138.09 314.8703 218.4314 148.6801 158.2525 747.6937 1088.445 196.3214 98.14572 59.09358 50.30433 50.08666 49.99601 50.11801 44.28011 27.23151 26.71524 26.71524 26.71524 26.71524 -9999 -9999 -9999 -9999 -9999 -9999 -9999 -9999 -9999 -9999 -9999 -9999 -9999 -9999 -9999 -9999 -9999 -9999
99.76396 99.76396 112.3802 121.537 153.7996 173.4315 176.042 118.3526 98.38637 117.8741 115.6179 111.3519 136.224 172.1161 184.0509 190.3253 183.6523 389.6627 554.7009 146.39 130.4413 116.2371 125.6959 152.2696 100.5027 111.9109 124.2841 124.3391 124.3158 133.9825 144.7071 125.3356 116.5541 133.5718 150.4794 142.8211 89.23528 139.4288 89.75152 61.48992 59.81179 62.33796 60.59641 52.40231 50.30568 40.29835 26.71524 -9999 -9999 -9999 -9999 -9999 -9999 -9999 -9999 -9999 -9999 -9999 -9999 -9999 -9999 -9999 -9999 -9999 -9999 -9999
